stnId,stnNm,tm,avgTa,minTa,minTaHrmt,maxTa,maxTaHrmt,mi10MaxRn,mi10MaxRnHrmt,hr1MaxRn,hr1MaxRnHrmt,sumRnDur,sumRn,maxInsWs,maxInsWsWd,maxInsWsHrmt,maxWs,maxWsWd,maxWsHrmt,avgWs,hr24SumRws,maxWd,avgTd,minRhm,minRhmHrmt,avgRhm,avgPv,avgPa,maxPs,maxPsHrmt,minPs,minPsHrmt,avgPs,ssDur,sumSsHr,hr1MaxIcsrHrmt,hr1MaxIcsr,sumGsr,ddMefs,ddMefsHrmt,ddMes,ddMesHrmt,sumDpthFhsc,avgTca,avgLmac,avgTs,minTg,avgCm5Te,avgCm10Te,avgCm20Te,avgCm30Te,avgM05Te,avgM10Te,avgM15Te,avgM30Te,avgM50Te,sumLrgEv,sumSmlEv,n99Rn,iscs,sumFogDur
284,거창,1989-01-01,-2.3,-7.4,0805,6.9,1410,,,,,,,,,,3.0,20,1630,0.6,543,270,-6.9,37,1615,73.0,3.7,1002.1,,,,,1031.1,9.8,7.3,,,,,,2.1,0000,,0.0,0.0,-1.5,-12.1,-0.1,0.0,1.4,2.5,3.4,6.1,,,,,1.3,,,
284,거창,1989-01-02,-2.8,-11.4,0755,7.9,1330,,,,,,,,,,3.0,250,1400,0.6,531,290,-7.2,37,1320,74.0,3.7,999.5,,,,,1028.4,9.8,7.7,,,,,,,,,2.0,1.3,-2.9,-15.7,-1.6,-0.7,1.2,2.5,3.3,5.9,,,,,1.4,,,
284,거창,1989-01-03,0.8,-5.1,2400,9.2,1255,,,,,,,,,,4.5,320,1400,1.2,1053,320,-6.1,33,1500,64.0,3.9,1000.3,,,,,1028.8,9.8,7.6,,,,,,,,,0.5,0.5,-0.6,-11.5,0.0,-0.1,1.4,2.4,3.5,6.1,,,,,1.8,,,
284,거창,1989-01-04,-3.2,-10.0,0800,7.4,1450,,,,,,,,,,4.5,360,1700,0.9,759,360,-12.3,18,1500,57.8,2.4,1004.7,,,,,1033.9,9.8,6.9,,,,,,,,,4.5,2.3,-2.7,-15.1,-1.1,-0.4,1.2,2.3,3.4,6.0,,,,,1.7,,,
284,거창,1989-01-05,-3.9,-13.2,0800,9.2,1620,,,,,,,,,,1.5,270,1730,0.2,189,360,-12.2,20,1505,59.5,2.4,1005.2,,,,,1034.4,9.8,8.4,,,,,,,,,0.0,0.0,-3.6,-17.8,-2.1,-1.0,0.8,2.2,3.3,5.7,,,,,1.6,,,
284,거창,1989-01-06,-1.5,-6.7,0350,3.6,1600,0.5,1945,2.0,1905,5.78,5.2,,,,1.5,360,1350,0.1,90,290,-5.6,48,1345,74.8,4.1,1001.0,,,,,1029.8,9.8,0.4,,,,,,,,,7.5,3.5,-1.4,-11.0,-1.3,-0.8,0.7,2.0,2.9,5.6,,,,,0.2,12.3,{비}1603-{비}{강도0}2100-2150.  {박무}1640-{박무}{강도1}2100-{박무}{강도2}2400-,
284,거창,1989-01-07,2.7,0.6,0000,5.4,2020,1.5,1150,4.0,1115,21.33,26.8,,,,1.0,360,2030,0.1,57,70,1.4,90,2100,90.8,6.8,991.6,,,,,1019.7,9.9,0.0,,,,,,,,,10.0,8.3,2.1,0.4,1.0,0.4,1.1,1.9,3.1,5.6,,,,,0.2,20.0,{비}0240-{비}{강도0}0300-{비}{강도0}0900-{비}{강도0}1500-{비}{강도0}2100-{비}{강도0}2400-  -{박무}-{박무}{강도2}0300-{박무}{강도2}0900-{박무}{강도2}1500-{시정(미만)}{1km}{안개}1713-{시정(미만)}{0.5km}{안개}1725-{시정(미만)}{0.2km}{안개}1740-{시정(미만)}{0.1km}{안개}1747-{안개}{강도2}2100-{시정(이상)}{0.1km}{안개}2149-{시정(이상)}{0.2km}{안개}2335-{안개}{강도1}2400-,6.78
284,거창,1989-01-08,6.8,4.4,0000,9.2,1450,0.5,1750,1.0,1750,21.75,2.4,,,,1.5,320,2030,0.2,204,320,5.3,89,2245,90.0,8.9,989.4,,,,,1017.0,9.9,0.0,,,,,,,,,10.0,7.8,5.5,4.1,4.6,3.4,2.9,2.7,3.3,5.6,,,,,0.1,2.3,-{비}-{비}{강도0}0300-{비}{강도0}0900-1230.  {비}1415-{비}{강도0}1500-{비}{강도0}2100-2330.  -{안개}-{안개}{강도1}0300-{시정(미만)}{0.2km}{안개}0544-{시정(미만)}{0.1km}{안개}0552-{시정(이상)}{0.1km}{안개}0713-{시정(이상)}{0.2km}{안개}0730-{시정(이상)}{0.5km}{안개}0806-{안개}{강도0}0900-{시정(이상)}{1km}{박무}0941-{박무}{강도0}1500-{박무}{강도0}2100-{박무}{강도0}2400-,9.68
284,거창,1989-01-09,7.6,6.2,2400,10.8,1405,0.0,,0.1,,1.67,0.2,,,,1.5,110,1620,0.3,255,360,5.0,68,1430,83.8,8.7,992.2,,,,,1019.7,9.9,1.7,,,,,,,,,10.0,5.3,7.5,3.3,6.9,6.0,5.1,4.5,4.6,5.6,,,,,0.7,,{비}0510-0650.  -{박무}-{박무}{강도0}0300-0818.  {박무}1920-{박무}{강도0}2100-{박무}{강도0}2400-,
284,거창,1989-01-10,7.6,5.5,0400,10.5,1400,0.1,,0.2,2315,0.75,0.2,,,,2.0,160,1450,0.3,300,160,5.4,73,1330,86.3,9.0,993.6,,,,,1021.2,9.9,0.8,,,,,,,,,10.0,4.5,7.2,4.6,7.0,6.5,6.0,5.7,5.4,5.8,,,,,0.4,12.4,-{박무}-{박무}{강도0}0300-{박무}{강도1}0900-1125.  {비}2315-{비}{강도0}2400-  {박무}2240-{박무}{강도0}2400-,
284,거창,1989-01-11,5.9,2.3,2355,8.2,1335,1.0,935,3.5,925,18.67,24.3,,,,4.0,360,1500,1.1,978,20,3.8,79,2130,86.0,8.1,990.4,,,,,1018.1,9.9,0.0,,,,,,,,,10.0,5.0,5.9,1.9,6.4,6.3,6.4,6.3,6.2,6.1,,,,,0.3,13.1,-{비}-{비}{강도0}0300-{비}{강도0}0900-{비}{강도0}1500-1840.  -{박무}-{박무}{강도1}0300-{박무}{강도2}0900-{박무}{강도0}1500-1514.,
284,거창,1989-01-12,2.2,1.5,2400,3.7,1310,0.5,330,0.5,330,5.42,1.1,,,,2.0,110,1330,0.5,399,20,-0.6,67,1330,81.8,5.9,997.5,,,,,1025.8,9.9,0.1,,,,,,,,,10.0,5.0,3.6,1.1,4.1,4.6,5.4,5.9,6.4,6.6,,,,,0.2,0.1,{비}0230-{비}{강도0}0300-0615.  {비}0740-{비}{강도0}0900-0920.,
284,거창,1989-01-13,0.9,-3.7,2400,5.1,1255,,,,,,,,,,4.0,320,1500,1.2,1074,270,-4.8,43,1400,67.3,4.4,997.8,,,,,1026.2,10.0,7.0,,,,,,,,,5.3,3.8,3.0,-8.8,3.8,4.1,5.0,5.5,6.2,6.8,,,,,2.7,,,
284,거창,1989-01-14,-1.9,-7.0,0545,4.0,1415,,,,,,,,,,3.5,20,1600,0.7,630,20,-9.9,22,1520,58.8,3.0,999.9,,,,,1028.7,10.0,7.6,,,,,,,,,2.3,1.5,-0.5,-11.7,1.2,1.2,3.8,4.7,5.4,6.6,,,,,1.9,0.2,,
284,거창,1989-01-15,-0.2,-4.5,2400,3.9,1645,,,,,7.13,0.2,,,,2.0,200,1610,0.4,354,200,-4.0,61,1900,75.8,4.6,1001.8,,,,,1030.5,10.0,3.6,,,,0.9,0945,0.9,0945,0.9,7.5,5.0,1.8,-10.1,1.9,1.8,3.2,4.2,5.2,6.6,,,,,1.0,0.0,{눈}0440-{눈}{강도0}0900-1055.  {눈}1150-1243.,
284,거창,1989-01-16,-1.8,-8.2,0800,7.2,1430,,,,,,,,,,2.0,340,0900,0.5,420,340,-7.4,34,1435,69.3,3.5,1004.7,,,,,1033.6,10.0,8.4,,,,,,,,,1.5,0.0,-0.1,-13.1,1.2,1.3,3.0,3.9,4.9,6.6,,,,,1.7,,{달무리}2027-2210.,
284,거창,1989-01-17,0.5,-6.0,0805,10.4,1540,,,,,,,,,,3.0,140,1540,0.4,342,160,-5.4,33,1500,69.5,4.1,1006.9,,,,,1035.7,10.0,7.9,,,,,,,,,3.0,0.0,1.2,-10.2,1.9,1.7,2.9,3.7,4.9,6.6,,,,,1.7,,{박무}0530-{박무}{강도0}0900-1040.  {달무리}2210-,
284,거창,1989-01-18,-0.5,-3.0,0130,0.9,1500,,,,,14.92,38.1,,,,2.0,270,2020,0.1,63,50,-2.2,84,0920,88.3,5.2,999.6,,,,,1028.3,10.1,0.0,,,,10.3,1430,10.3,1430,10.3,9.8,5.0,0.1,-6.0,0.6,1.0,2.6,3.6,4.8,6.2,,,,,0.2,42.8,-{달무리}-0320.  {박무}0120-{박무}{강도0}0300-{박무}{강도0}0900-{박무}{강도2}1500-{박무}{강도2}2100-{시정(미만)}{1km}{안개}2330-{안개}{강도0}2400-  {진눈깨비}0915-{눈}1030-{진눈깨비}1343-{눈}1350-{싸락눈}1440-{싸락눈}{강도0}1500-{진눈깨비}1520-{비}1530-{비}{강도0}2100-{비}{강도0}2400-,0.5
284,거창,1989-01-19,1.6,0.4,0530,2.9,1505,1.0,2220,3.5,2200,22.83,20.7,,,,1.5,320,2150,0.2,153,340,0.1,88,2100,89.8,6.2,991.1,,,,,1019.3,10.1,0.0,,,,,,8.8,0000,,10.0,7.0,0.9,0.0,0.7,0.7,2.2,3.0,4.2,6.1,,,,,0.2,18.9,-{비}-{비}{강도0}0300-{비}{강도0}0900-1220.  {비}1330-{비}{강도0}1500-{비}{강도0}2100-{비}{강도0}2400--{안개}-{안개}{강도0}0300-{시정(이상)}{1km}{박무}0610-{박무}{강도2}0900-{박무}{강도2}1500-{박무}{강도2}2100-{박무}{강도2}2400-,6.17
284,거창,1989-01-20,3.3,0.5,2300,6.9,1600,1.0,110,1.5,30,4.33,2.9,,,,4.5,340,1540,1.3,1089,320,-0.2,58,1600,78.8,6.0,989.4,,,,,1017.5,10.1,3.9,,,,,,3.2,0000,,5.5,4.3,3.0,-3.8,2.3,2.1,2.6,3.0,3.4,5.6,,,,,1.2,,-{비}-{비}{강도0}0300-0420.  -{박무}-{박무}{강도2}0300-{시정(미만)}{1km}{안개}0520-{시정(미만)}{0.5km}{안개}0550-{시정(미만)}{0.2km}{안개}0600-{시정(미만)}{0.1km}{안개}0610-{시정(이상)}{0.1km}{안개}0650-{시정(이상)}{0.2km}{안개}0700-{시정(이상)}{0.5km}{안개}0710-{시정(이상)}{1km}{박무}0730-0840.,2.17
284,거창,1989-01-21,2.0,-3.5,0750,10.5,1420,,,,,,,,,,3.5,20,1740,0.6,552,340,-3.8,28,1640,69.8,4.6,995.5,,,,,1023.7,10.1,8.1,,,,,,,,,4.5,0.0,2.8,-8.0,2.8,2.8,3.2,3.5,4.2,5.7,,,,,2.0,,{박무}0140-{박무}{강도0}0300-{박무}{강도1}0900-{시정(미만)}{1km}{안개}0930-{시정(이상)}{1km}{박무}1018-1120.,0.8
284,거창,1989-01-22,0.0,-3.3,0355,2.6,1700,0.5,1350,1.5,1310,10.8,4.5,,,,1.5,160,1150,0.1,105,160,-1.7,80,1150,87.5,5.5,995.0,,,,,1023.5,10.2,0.0,,,,,,,,,9.3,6.0,1.3,-7.6,1.1,1.7,3.0,3.6,4.2,5.6,,,,,0.2,12.7,{싸락눈}0922-{비}0945-{비}{강도0}1500-1950.  {비}2340-{비}{강도0}2400-  {박무}1240-{박무}{강도1}1500-{박무}{강도2}2100-{박무}{강도2}2400-,
284,거창,1989-01-23,3.7,1.2,2400,7.3,1250,1.0,330,2.5,255,16.08,10.5,,,,3.0,20,0600,0.9,783,20,0.5,66,1310,79.5,6.4,988.5,,,,,1016.3,10.2,2.2,,,,,,,,,9.5,6.0,3.8,-4.7,3.8,3.6,3.8,3.8,4.4,5.6,,,,,0.6,2.3,-{비}-{비}{강도0}0300-{비}{강도0}0900-1030.  {비}1440-{비}{강도0}1500-2015.  -{박무}-{박무}{강도1}0300-0545.,
284,거창,1989-01-24,0.6,-3.3,2400,6.3,1550,,,,,,,,,,3.5,360,1220,0.7,624,270,-4.2,48,1425,71.0,4.5,994.0,,,,,1022.4,10.2,7.7,,,,,,,,,0.5,0.5,2.2,-8.8,2.9,2.9,3.8,4.0,4.5,5.6,,,,,1.7,,{박무}0835-{박무}{강도0}0900-1025.  {박무}2240-{박무}{강도0}2400-,
284,거창,1989-01-25,-0.3,-5.5,0715,6.3,1600,,,,,,,,,,1.5,140,1550,0.3,216,20,-5.2,38,1600,71.8,4.2,997.3,,,,,1025.8,10.2,6.4,,,,,,,,,7.3,3.5,1.5,-9.7,1.9,2.0,3.4,3.7,4.7,5.8,,,,,1.0,,-{박무}-{박무}{강도0}0300-{박무}{강도0}0900-1340.,
284,거창,1989-01-26,1.7,-1.4,2400,9.2,1335,,,,,2.37,0.0,,,,4.5,320,2030,1.4,1203,290,-3.1,51,2130,71.0,4.9,993.8,,,,,1022.0,10.3,4.7,,,,,,,,,5.8,3.8,2.3,-4.0,2.8,2.9,3.6,3.7,4.4,5.6,,,,,1.5,0.0,{비}1710-1850.  {눈}1925-2007.,
284,거창,1989-01-27,-4.1,-8.6,2400,-1.4,0000,,,,,,,,,,8.5,320,1140,4.4,3777,320,-12.6,45,1500,51.5,2.4,998.2,,,,,1027.3,10.3,8.1,,,,,,,,,4.8,4.8,-2.6,-14.6,0.5,1.3,3.3,3.7,4.8,5.9,,,,,3.1,,,
284,거창,1989-01-28,-6.2,-10.5,0740,0.1,1450,,,,,,,,,,5.0,50,1330,1.4,1233,290,-14.0,32,1500,55.8,2.1,1004.9,,,,,1034.4,10.3,9.0,,,,,,,,,0.0,0.0,-4.4,-15.9,-1.5,0.1,2.3,2.9,3.9,5.5,,,,,2.2,,,
284,거창,1989-01-29,-4.8,-13.2,0730,6.5,1600,,,,,,,,,,3.0,20,1640,0.4,354,20,-12.3,20,1550,60.8,2.4,1004.9,,,,,1034.1,10.4,7.2,,,,,,,,,4.0,0.0,-2.4,-17.5,-2.4,-0.4,1.7,2.4,3.6,5.5,,,,,1.6,,,
284,거창,1989-01-30,-2.2,-10.1,0800,9.0,1450,,,,,,,,,,3.0,200,1520,0.5,468,160,-10.6,21,1500,59.3,2.8,1001.3,,,,,1030.2,10.4,8.0,,,,,,,,,2.8,0.0,-1.2,-14.9,-2.0,-0.7,1.4,2.2,3.2,5.1,,,,,2.4,,,
284,거창,1989-01-31,-2.5,-7.7,0725,3.9,1625,,,,,,,,,,3.5,20,1420,0.5,423,320,-7.1,40,1650,73.3,3.6,996.7,,,,,1025.5,10.4,3.0,,,,,,,,,7.3,5.8,-1.3,-13.0,-1.2,-0.5,1.3,2.0,3.4,5.3,,,,,1.0,0.0,{박무}0210-{박무}{강도0}0300-{박무}{강도0}0900-1020.,
284,거창,1989-02-01,-0.6,-5.9,2300,1.7,1525,,,,,0.33,0.0,,,,6.0,340,1250,2.3,2013,340,-10.3,31,1500,49.0,2.9,993.7,,,,,1022.2,10.4,8.8,,,,,,,,,2.5,0.8,-0.3,-10.9,-0.5,-0.5,1.3,1.9,3.3,5.1,,,,,2.3,,{눈}0550-0610.,
284,거창,1989-02-02,-3.6,-8.5,2350,0.2,1505,,,,,,,,,,4.5,320,1240,2.1,1800,340,-10.4,41,1500,60.3,2.8,995.3,,,,,1024.2,10.5,7.3,,,,,,,,,1.8,1.8,-2.1,-15.4,-1.7,-0.7,1.3,1.9,2.9,4.6,,,,,1.9,,,
284,거창,1989-02-03,-4.1,-11.9,0700,5.1,1450,,,,,,,,,,4.0,50,1600,1.1,915,50,-11.8,29,1425,60.0,2.5,997.8,,,,,1026.8,10.5,8.7,,,,,,,,,1.0,0.0,-2.0,-16.9,-2.4,-1.6,1.0,1.7,2.5,4.6,,,,,2.2,,,
284,거창,1989-02-04,-0.9,-7.2,0730,8.4,1630,,,,,,,,,,2.0,160,1740,0.4,327,70,-8.0,29,1640,62.3,3.4,1000.2,,,,,1028.9,10.5,8.9,,,,,,,,,0.0,0.0,0.2,-12.1,-0.8,-0.8,1.1,1.7,2.5,4.6,,,,,2.3,,,
284,거창,1989-02-05,-0.1,-8.4,0700,11.4,1505,,,,,,,,,,2.5,160,1530,0.5,420,140,-7.6,24,1705,63.3,3.5,1000.9,,,,,1029.6,10.6,8.1,,,,,,,,,3.3,1.0,0.6,-13.9,-0.5,-0.6,1.1,1.7,2.6,4.6,,,,,2.2,,{박무}0420-{박무}{강도0}0900-0950.,
284,거창,1989-02-06,0.3,-7.5,0750,11.4,1350,,,,,,,,,,4.0,50,1620,0.8,729,50,-8.3,19,1500,60.5,3.3,998.8,,,,,1027.3,10.6,9.3,,,,,,,,,0.0,0.0,1.1,-13.1,0.1,-0.3,1.2,1.7,2.7,4.5,,,,,2.6,,{박무}0650-{박무}{강도0}0900-0930.,
284,거창,1989-02-07,0.6,-7.7,0730,9.7,1355,,,,,,,,,,3.5,140,1320,0.6,510,140,-4.3,46,1415,71.3,4.6,998.5,,,,,1027.0,10.6,6.3,,,,,,,,,3.8,2.3,0.3,-13.4,-0.4,-0.3,1.3,1.7,2.5,4.3,,,,,0.9,4.8,,
284,거창,1989-02-08,2.4,0.7,0800,4.2,1630,0.5,,1.5,415,13.88,6.7,,,,2.0,270,1840,0.2,189,270,0.2,75,2100,85.0,6.2,989.6,,,,,1017.7,10.7,0.0,,,,,,,,,10.0,5.0,1.3,-3.7,0.7,0.3,1.6,1.8,2.5,4.3,,,,,0.4,1.9,{비}0235-{비}{강도0}0300-{진눈깨비}0714-{비}0837-{비}{강도0}0900-{비}{강도0}1500-1628.  {박무}0210-{박무}{강도0}0300-{박무}{강도1}0900-{박무}{강도1}1500-1745.,
284,거창,1989-02-09,2.0,-0.7,0710,7.1,1350,,,,,,,,,,5.0,290,1930,1.9,1635,290,-5.4,40,1500,58.8,4.1,988.3,,,,,1016.3,10.7,6.1,,,,,,,,,7.0,2.0,1.8,-4.8,2.0,1.6,2.2,2.2,2.6,4.3,,,,,2.9,,,
284,거창,1989-02-10,0.0,-4.1,2400,5.9,1345,,,,,,,,,,5.0,360,0700,2.6,2247,340,-8.6,39,1345,52.0,3.2,990.5,,,,,1018.8,10.7,9.0,,,,,,,,,0.5,0.5,0.2,-11.0,0.9,1.6,2.5,2.7,3.2,4.4,,,,,2.4,,,
284,거창,1989-02-11,-1.5,-7.9,0740,5.5,1457,,,,,,,,,,2.5,320,1500,0.6,531,270,-7.7,39,1420,64.3,3.4,993.3,,,,,1021.9,10.8,8.4,,,,,,,,,4.0,2.0,-0.5,-13.5,-0.3,0.7,2.4,2.6,3.4,4.5,,,,,1.7,,,
284,거창,1989-02-12,-0.6,-8.0,0730,9.2,1445,,,,,,,,,,4.0,290,1720,0.5,465,230,-6.0,32,1425,71.3,3.9,993.9,,,,,1022.5,10.8,7.6,,,,,,,,,1.0,1.0,1.8,-12.8,1.9,1.4,2.5,2.6,3.4,4.5,,,,,1.4,1.1,{박무}0645-{박무}{강도0}0900-1045.,
284,거창,1989-02-13,0.7,-4.4,0230,8.8,1435,,,,,4.73,1.1,,,,5.0,360,1550,1.1,930,340,-5.4,30,1715,68.5,4.1,996.5,,,,,1025.0,10.8,8.6,,,,2.2,0755,2.2,0755,2.2,4.3,2.5,2.0,-9.4,2.2,1.9,2.8,2.9,3.4,4.5,,,,,2.3,,{눈}0311-0755.  {박무}0420-{박무}{강도0}0900-1120.,
284,거창,1989-02-14,0.9,-6.6,0655,11.0,1520,,,,,,,,,,2.5,180,1700,0.5,435,180,-5.8,28,1525,66.8,4.0,1001.1,,,,,1029.7,10.9,8.9,,,,,,,,,1.5,0.0,2.2,-11.5,2.5,2.2,3.0,3.1,3.5,4.5,,,,,2.6,,,
284,거창,1989-02-15,1.5,-4.0,0520,6.9,1500,1.0,2210,2.5,2210,6.75,7.3,,,,1.5,200,1300,0.2,174,360,-1.2,61,1505,80.3,5.8,997.8,,,,,1026.2,10.9,2.5,,,,,,,,,8.3,3.8,1.8,-8.9,2.0,2.1,3.1,3.2,3.9,4.6,,,,,1.1,19.8,{비}1715-{비}{강도0}2100-{비}{강도0}2400-  {박무}1840-{박무}{강도0}2100-{박무}{강도0}2400-,
284,거창,1989-02-16,5.5,3.5,0300,7.6,1600,1.0,330,4.0,315,18.08,19.2,,,,1.0,360,0050,0.2,156,270,3.8,87,1500,89.3,8.1,990.8,,,,,1018.6,10.9,0.0,,,,,,,,,10.0,5.0,5.3,2.9,4.5,3.6,3.9,3.8,4.1,4.7,,,,,0.5,7.5,-{비}-{비}{강도0}0300-{비}{강도0}0900-1345.  {비}1940-{비}{강도0}2100-{비}{강도0}2400-  -{박무}-{박무}{강도0}0300-0805.  {박무}1120-{박무}{강도0}1500-{박무}{강도0}2100-{박무}{강도0}2400-,
284,거창,1989-02-17,5.5,2.6,2400,6.8,1435,0.5,,1.0,1950,10.83,3.1,,,,4.5,90,0900,1.4,1167,90,2.1,62,1700,78.8,7.1,992.1,,,,,1020.0,11.0,0.0,,,,,,,,,10.0,5.8,4.7,1.2,4.8,4.3,4.7,4.5,4.4,4.6,,,,,0.4,2.4,-{비}-{비}{강도0}0300-0440.  {비}1750-{비}{강도0}2100-{비}{강도0}2400-  -{박무}-{박무}{강도0}0300-0835.{박무}1945-{박무}{강도0}2100-{박무}{강도0}2400-,
284,거창,1989-02-18,2.9,0.1,2300,6.4,1530,0.0,,0.1,0,0.92,0.1,,,,1.5,70,1420,0.3,264,90,-0.4,60,1555,79.0,5.9,993.7,,,,,1021.8,11.0,0.7,,,,,,,,,8.3,4.3,4.0,-3.8,4.2,4.2,4.6,4.5,4.9,5.1,,,,,0.4,,-{비}-0055.  -{박무}-0130.,
284,거창,1989-02-19,2.8,-1.8,0430,11.6,1535,,,,,,,,,,3.0,180,1750,0.5,465,50,-1.8,42,1630,74.0,5.4,999.2,,,,,1027.5,11.0,7.5,,,,,,,,,5.5,3.5,5.0,-5.8,5.0,4.7,4.8,4.6,4.7,5.0,,,,,2.0,,{박무}0145-{박무}{강도0}0300-{시정(미만)}{1km}{안개}0440-{시정(미만)}{0.5km}{안개}0535-{시정(미만)}{0.2km}{안개}0605-{시정(미만)}{0.1km}{안개}0830-{안개}{강도2}0900-{시정(이상)}{0.1km}{안개}0915-{시정(이상)}{0.2km}{안개}0930-{시정(이상)}{0.5km}{안개}0950-{시정(이상)}{1km}{박무}1020-1150.,5.67
284,거창,1989-02-20,3.7,-1.1,0300,11.4,1230,,,,,,,,,,5.0,290,1400,0.9,759,290,-2.7,30,1350,67.3,5.0,995.9,,,,,1023.9,11.1,4.3,,,,,,,,,10.0,5.8,4.4,-5.4,4.3,4.5,5.0,4.8,5.1,5.3,,,,,1.9,,{박무}0350-{박무}{강도0}0900-0935.,
284,거창,1989-02-21,3.1,-0.9,2400,7.3,1525,,,,,1.0,0.0,,,,3.5,290,1600,1.0,852,230,-2.7,40,1700,66.3,5.0,997.8,,,,,1026.0,11.1,5.8,,,,,,,,,7.5,4.0,4.1,-7.4,4.3,4.7,5.1,5.0,5.3,5.3,,,,,1.7,0.0,{눈}0915-1015.  {박무}0910-1010.,
284,거창,1989-02-22,2.0,-5.4,0700,8.5,1330,,,,,,,,,,2.5,110,1700,0.9,747,110,-5.1,41,1205,60.5,4.3,1003.8,,,,,1032.2,11.1,6.6,,,,,,,,,6.5,5.0,3.1,-11.0,3.4,3.5,4.4,4.7,5.2,5.4,,,,,2.0,,,
284,거창,1989-02-23,3.7,1.8,0730,6.9,1250,1.0,2045,2.5,2040,13.1,7.5,,,,1.5,320,2300,0.3,300,320,0.9,68,1245,82.5,6.6,1002.2,,,,,1030.4,11.2,1.1,,,,,,,,,10.0,4.5,4.7,-0.3,4.7,4.5,5.0,4.9,5.0,5.3,,,,,0.3,11.5,{비}1054-{비}{강도0}1500-{비}{강도0}2100-{비}{강도0}2400-,
284,거창,1989-02-24,3.3,1.2,0400,5.1,1700,0.5,,1.5,110,12.93,5.1,,,,1.5,180,0600,0.2,213,50,1.5,81,1800,88.0,6.8,994.4,,,,,1022.5,11.2,0.0,,,,,,,,,10.0,4.5,4.4,0.3,4.6,4.5,5.1,5.1,5.4,5.5,,,,,0.3,16.2,-{비}-{비}{강도0}0300-0848.  {비}1107-1430.  {비}2315-  -{박무}-{박무}{강도0}0300-{박무}{강도0}0900-{박무}{강도0}1500-{박무}{강도0}2100-{박무}{강도0}2400-,
284,거창,1989-02-25,1.3,0.3,2030,4.2,0000,,,,,23.75,46.0,,,,2.0,360,0240,0.1,123,360,-0.4,86,0430,88.0,6.0,988.0,,,,,1016.2,11.3,0.0,,,,9.5,2200,9.5,2200,9.6,10.0,5.3,1.2,0.0,2.2,3.0,4.5,4.8,5.4,5.6,,,,,0.3,30.9,-{비}-{비}{강도0}0300-{진눈깨비}0505-{눈}0515-{눈}{강도0}0900-{눈}{강도0}1500-{눈}{강도0}2100-{진눈깨비}2215-{비}2235-2345.  -{박무}-{박무}{강도0}0300-{박무}{강도1}0900-{박무}{강도0}1500-{박무}{강도1}2100-2350.,
284,거창,1989-02-26,3.3,-1.2,2400,9.4,1605,,,,,,,,,,2.0,180,1510,0.6,510,320,-1.3,44,1530,73.5,5.6,1000.9,,,,,1029.1,11.3,10.0,,,,,,9.3,0000,,1.3,1.3,3.0,-6.6,1.6,2.2,3.5,3.8,4.7,5.5,,,,,1.9,,,
284,거창,1989-02-27,2.2,-5.2,0630,11.1,1630,,,,,,,,,,2.0,180,1730,0.4,336,140,-2.3,43,1600,75.0,5.2,1002.9,,,,,1031.4,11.3,7.2,,,,,,1.6,0000,,4.5,2.5,3.6,-9.1,3.2,3.1,3.6,3.6,4.3,5.4,,,,,1.3,8.3,{박무}0350-{시정(미만)}{1km}{안개}0530-{시정(미만)}{0.5km}{안개}0620-{시정(미만)}{0.2km}{안개}0650-{시정(미만)}{0.1km}{안개}0705-{안개}{강도2}0900-{시정(이상)}{0.1km}{안개}0920-{시정(이상)}{0.2km}{안개}0930-{시정(이상)}{0.5km}{안개}0945-{시정(이상)}{1km}{박무}0955-1140.,4.42
284,거창,1989-02-28,7.2,2.0,0625,15.9,1350,1.5,750,4.5,730,8.17,8.9,,,,4.5,290,1500,1.3,1089,270,1.6,47,1530,70.0,6.9,994.0,,,,,1021.6,11.4,6.4,,,,,,,,,6.8,3.3,6.4,-0.4,6.5,5.7,4.8,4.8,4.4,5.1,,,,,3.0,0.6,{비}0215-{비}{강도0}0300-{비}{강도0}0900-1025.  {박무}0445-{박무}{강도0}0900-1130.,
284,거창,1989-03-01,5.0,-0.7,0710,10.2,1350,,,,,,,,,,5.5,90,1510,2.5,2169,110,-3.3,43,1315,55.3,4.8,1002.4,,,,,1030.5,11.4,9.1,,,,,,,,,2.0,2.0,4.7,-7.3,5.3,5.5,5.5,5.2,5.2,5.1,,,,,3.3,,,
284,거창,1989-03-02,3.9,-1.1,0435,9.1,1455,,,,,,,,,,2.0,110,1600,0.7,564,340,-0.6,58,1500,72.3,5.9,1002.5,,,,,1030.8,11.4,3.9,,,,,,,,,7.5,4.0,4.5,-6.2,4.6,4.5,5.1,5.2,5.4,5.5,,,,,1.1,0.5,,
284,거창,1989-03-03,7.5,5.0,0800,11.0,2200,0.5,,3.0,1900,18.3,20.0,,,,3.0,360,1040,0.6,477,340,5.7,80,0000,88.0,9.3,988.9,,,,,1016.4,11.5,0.0,,,,,,,,,10.0,6.0,7.2,4.8,6.8,6.3,5.9,5.6,5.8,5.7,,,,,0.2,39.2,{비}0542-{비}{강도0}0900-{비}{강도0}1500-{비}{강도0}2100-{비}{강도0}2400-  {박무}0520-{박무}{강도0}0900-{박무}{강도1}1500-{시정(미만)}{1km}{안개}1825-{시정(이상)}{1km}{박무}2010-{박무}{강도0}2100-{박무}{강도0}2400-,1.75
284,거창,1989-03-04,6.5,3.0,2400,10.8,0000,1.0,320,5.5,230,12.2,20.8,,,,4.0,20,0910,1.7,1461,20,3.0,65,1525,78.8,7.6,984.4,,,,,1011.8,11.5,3.6,,,,,,,,,8.8,6.8,8.3,1.4,8.3,7.6,7.0,6.7,6.5,5.6,,,,,0.6,2.7,-{비}-{비}{강도1}0300-0840.  {비}1025-1227.  {비}1750-1920.  -{박무}-{박무}{강도0}0300-0440.,
284,거창,1989-03-05,1.8,-1.0,2400,5.3,1630,,,,,4.92,2.6,,,,3.5,340,1640,1.0,873,340,-2.4,48,1715,73.8,5.1,987.0,,,,,1015.1,11.6,3.3,,,,1.2,1000,1.2,1000,1.3,8.3,5.8,3.0,-5.7,4.2,5.4,6.5,6.4,6.7,6.1,,,,,1.9,1.0,{눈}0620-{눈}{강도0}0900-1115.  {박무}0625-{박무}{강도0}0900-1140.,
284,거창,1989-03-06,-0.3,-3.6,0650,2.7,1520,,,,,,,,,,5.5,320,1440,3.0,2583,320,-8.3,46,1500,55.0,3.3,991.9,,,,,1020.3,11.6,9.4,,,,,,,,,1.3,1.3,2.3,-9.2,2.6,3.5,5.1,5.4,6.2,6.2,,,,,2.7,,,
284,거창,1989-03-07,-1.5,-5.2,0700,1.3,1400,,,,,,,,,,5.5,320,1430,3.0,2613,340,-9.6,45,1635,54.0,3.0,996.0,,,,,1024.6,11.6,8.9,,,,,,,,,1.0,1.0,0.3,-10.9,2.0,2.8,4.2,4.5,5.6,5.9,,,,,3.0,,,
284,거창,1989-03-08,-1.2,-8.1,0710,6.3,1520,,,,,,,,,,4.5,50,1600,1.0,858,270,-8.9,35,1500,57.3,3.1,998.6,,,,,1027.3,11.7,10.4,,,,,,,,,0.0,0.0,1.9,-14.0,2.3,2.4,3.7,4.0,5.0,6.0,,,,,3.0,,,
284,거창,1989-03-09,0.4,-6.8,0700,9.2,1410,,,,,,,,,,4.0,320,1540,1.0,906,340,-6.9,28,1355,61.8,3.7,998.4,,,,,1027.0,11.7,9.8,,,,,,,,,0.5,0.5,2.2,-12.5,3.2,3.2,4.1,4.2,4.7,5.6,,,,,2.9,,,
284,거창,1989-03-10,2.5,-6.0,0655,13.3,1445,,,,,,,,,,5.0,270,1420,1.0,882,270,-5.1,30,1345,61.3,4.2,998.5,,,,,1026.8,11.7,8.9,,,,,,,,,1.0,1.0,3.7,-10.8,4.5,4.2,4.4,4.5,4.9,5.6,,,,,3.3,,,
284,거창,1989-03-11,4.3,-2.0,0700,14.2,1505,,,,,,,,,,4.5,200,1410,0.8,702,200,-1.5,39,1500,68.8,5.5,995.9,,,,,1023.8,11.8,6.5,,,,,,,,,5.3,2.5,4.3,-6.8,4.3,4.1,4.7,4.8,5.3,5.7,,,,,2.0,,,
284,거창,1989-03-12,5.2,-2.8,0705,13.8,1555,,,,,,,,,,4.0,140,1610,0.8,693,140,-0.3,39,1545,70.8,6.0,991.6,,,,,1019.4,11.8,5.8,,,,,,,,,6.0,2.3,5.5,-7.9,5.2,4.8,5.1,5.0,5.2,5.6,,,,,1.7,,,
284,거창,1989-03-13,7.8,1.1,0650,16.1,1550,,,,,,,,,,3.5,270,2350,0.5,465,290,2.8,43,1655,71.8,7.5,984.4,,,,,1011.8,11.9,6.2,,,,,,,,,7.3,2.8,7.6,-2.8,7.2,6.5,6.0,5.8,5.5,5.6,,,,,1.8,,{박무}0215-{박무}{강도0}0300-{박무}{강도0}0900-1015.,
284,거창,1989-03-14,9.5,0.6,0705,17.4,1620,,,,,,,,,,5.0,270,1710,1.2,1038,270,-2.5,15,1430,48.8,5.3,984.3,,,,,1011.4,11.9,9.9,,,,,,,,,0.0,0.0,8.0,-5.9,7.5,7.2,6.8,6.4,6.1,5.8,,,,,4.0,,,
284,거창,1989-03-15,6.8,-0.5,0700,15.2,1600,,,,,,,,,,4.0,290,0240,1.2,999,270,-1.5,31,1650,56.5,5.5,989.6,,,,,1017.2,11.9,10.2,,,,,,,,,0.0,0.0,7.3,-6.3,6.2,6.5,6.4,6.7,6.7,6.2,,,,,4.2,,,
284,거창,1989-03-16,3.4,-3.1,0620,15.1,1250,,,,,,,,,,7.0,290,1640,2.2,1932,290,-2.4,20,1220,68.0,5.3,991.4,,,,,1019.4,12.0,8.8,,,,,,,,,1.5,1.5,4.2,-7.8,4.9,5.8,6.6,6.6,6.6,6.2,,,,,3.9,,,
284,거창,1989-03-17,4.3,-3.7,0640,13.5,1600,,,,,,,,,,4.5,20,1430,1.0,843,270,-4.0,19,1640,59.5,4.6,996.8,,,,,1024.9,12.0,10.5,,,,,,,,,0.0,0.0,5.9,-10.2,6.0,6.2,6.4,6.3,6.4,6.3,,,,,4.1,,,
284,거창,1989-03-18,4.9,-5.3,0650,13.9,1505,,,,,,,,,,4.0,140,1700,0.7,609,140,-0.9,39,1535,68.3,5.8,994.0,,,,,1021.9,12.0,8.7,,,,,,,,,2.8,1.8,6.0,-10.4,6.0,6.1,6.5,6.4,6.4,6.4,,,,,2.3,,,
284,거창,1989-03-19,7.3,-2.3,0700,16.4,1500,,,,,,,,,,4.0,140,1700,1.0,891,140,1.3,32,1750,69.5,6.7,992.3,,,,,1020.0,12.1,9.8,,,,,,,,,2.3,0.0,9.5,-7.1,8.4,8.1,7.2,6.9,6.7,6.6,,,,,4.1,,{박무}0045-{박무}{강도0}0300-{박무}{강도0}0900-0940.  {달무리}2215-2350.,
284,거창,1989-03-20,7.4,0.0,0700,15.4,1445,,,,,0.37,0.0,,,,3.0,270,1720,0.8,669,180,2.1,38,1310,72.0,7.1,993.8,,,,,1021.4,12.1,6.5,,,,,,,,,7.0,3.5,9.0,-4.0,9.4,8.7,7.9,7.6,7.4,6.8,,,,,3.1,0.0,{박무}0510-{박무}{강도0}0900-1030.  {비}1710-1732.,
284,거창,1989-03-21,6.2,-0.8,0700,15.6,1315,,,,,,,,,,5.0,320,1610,1.4,1233,340,-1.3,28,1500,63.3,5.6,995.7,,,,,1023.5,12.2,10.0,,,,,,,,,1.3,0.5,8.9,-5.3,9.1,8.8,8.0,7.8,7.8,7.0,,,,,4.3,,,
284,거창,1989-03-22,6.1,-2.7,0635,14.7,1315,,,,,,,,,,4.0,160,1600,1.3,1131,160,-0.3,34,1500,67.5,6.0,999.0,,,,,1026.9,12.2,9.6,,,,,,,,,2.3,2.3,10.1,-7.9,9.2,8.8,8.1,7.9,7.6,7.1,,,,,4.8,,{박무}0405-{박무}{강도0}0900-0925.,
284,거창,1989-03-23,7.6,3.2,2400,11.1,1355,1.0,2350,3.0,2300,5.7,4.6,,,,3.5,180,1400,1.3,1152,160,2.6,56,1500,70.8,7.4,998.0,,,,,1025.8,12.2,2.9,,,,,,,,,9.8,5.8,9.3,1.4,9.6,9.3,8.7,8.5,8.1,7.5,,,,,1.1,21.2,{비}1818-{비}{강도0}2100-{비}{강도0}2400-  {박무}2145-{박무}{강도0}2400-,
284,거창,1989-03-24,2.9,0.3,0600,8.1,1325,,,,,11.42,18.1,,,,5.0,20,1530,0.9,774,20,0.6,70,1300,85.0,6.4,987.6,,,,,1015.6,12.3,3.0,,,,6.6,0915,6.6,0915,6.8,9.5,4.3,3.5,0.0,4.4,5.4,6.8,7.4,7.8,7.6,,,,,1.7,1.5,-{비}-{진눈깨비}0010-{눈}0025-{눈}{강도0}0300-{진눈깨비}0840-{진눈깨비}{강도0}0900-{비}0920-1125.  -{박무}-{박무}{강도1}0300-{박무}{강도0}0900-1050.,
284,거창,1989-03-25,6.2,1.1,0650,13.4,1435,,,,,,,,,,3.5,160,1650,0.8,663,270,0.7,42,1510,69.3,6.4,990.9,,,,,1018.5,12.3,9.7,,,,,,,,,6.5,1.3,8.8,-3.8,8.0,7.6,7.2,7.1,6.6,7.2,,,,,3.2,,,
284,거창,1989-03-26,6.4,-0.6,0400,15.0,1510,,,,,,,,,,3.0,180,1810,0.5,474,180,1.1,38,1625,71.8,6.7,989.5,,,,,1017.2,12.3,9.0,,,,,,,,,5.0,1.8,9.4,-4.1,8.7,8.2,7.9,7.7,7.5,7.3,,,,,3.1,,{박무}0320-{박무}{강도0}0900-1048.,
284,거창,1989-03-27,6.4,2.0,2400,13.0,1650,0.0,,0.0,,0.27,0.0,,,,4.5,340,1350,0.7,564,290,2.6,43,1650,76.0,7.5,983.9,,,,,1011.4,12.4,6.4,,,,,,,,,6.0,5.5,8.2,-1.9,7.8,8.1,8.1,8.2,7.7,7.3,,,,,2.0,0.0,{소나기}1130-1146.,
284,거창,1989-03-28,5.8,0.1,0650,13.1,1505,,,,,,,,,,5.0,340,1510,1.4,1182,340,0.0,40,1420,69.5,6.2,983.8,,,,,1011.4,12.4,8.7,,,,,,,,,4.3,3.8,7.8,-2.7,7.1,7.4,7.5,7.7,7.6,7.5,,,,,3.0,,,
284,거창,1989-03-29,6.3,-2.1,0625,16.0,1440,,,,,,,,,,3.0,340,1300,1.2,1050,320,-1.4,29,1315,61.5,5.5,989.4,,,,,1017.0,12.5,10.3,,,,,,,,,0.8,0.8,8.0,-7.9,7.1,8.1,7.8,7.7,7.8,7.8,,,,,4.5,,,
284,거창,1989-03-30,7.9,-3.1,0630,17.9,1420,,,,,1.58,0.0,,,,6.5,200,1600,1.9,1602,200,1.1,29,1410,65.3,6.8,990.9,,,,,1018.4,12.5,10.0,,,,,,,,,4.8,2.3,9.6,-7.8,8.0,8.1,7.8,7.9,8.0,7.8,,,,,4.8,6.8,{비}2105-2240.,
284,거창,1989-03-31,12.5,7.9,2400,18.8,1530,,,,,1.08,6.8,,,,6.5,270,1440,2.8,2427,270,2.9,30,1500,53.8,7.6,983.6,,,,,1010.5,12.5,10.9,,,,,,,,,1.5,1.5,12.1,0.6,11.5,11.1,9.7,9.2,8.4,8.1,,,,,5.7,,{비}0140-0245.,
284,거창,1989-04-01,12.4,2.4,0700,22.8,1610,,,,,,,,,,5.0,270,1520,0.6,495,290,2.5,27,1500,53.5,7.4,984.6,,,,,1011.4,12.6,9.5,,,,,,,,,3.3,0.0,11.5,-2.0,11.2,10.8,9.8,9.5,8.8,8.2,,,,2.5,4.1,,,
284,거창,1989-04-02,12.3,1.6,0650,23.5,1430,,,,,,,,,,3.5,270,1640,0.7,645,250,4.5,30,1420,63.0,8.5,983.5,,,,,1010.3,12.6,8.6,,,,,,,,,6.8,0.0,11.6,-2.6,11.1,10.8,10.2,9.9,9.3,8.6,,,,2.5,4.2,,,
284,거창,1989-04-03,12.8,3.2,0635,23.1,1325,,,,,,,,,,5.5,340,1440,1.3,1110,320,2.6,20,1500,54.8,7.4,981.7,,,,,1008.4,12.6,10.3,,,,,,,,,4.0,0.0,12.2,-1.6,11.4,11.3,10.6,10.4,9.6,8.6,,,,3.7,5.5,,{햇무리}1439-1650.,
284,거창,1989-04-04,9.6,0.4,0630,18.8,1410,,,,,,,,,,5.0,140,1600,1.0,903,160,2.7,38,1500,64.3,7.5,986.8,,,,,1014.1,12.7,10.4,,,,,,,,,1.8,0.0,11.5,-4.6,11.2,11.0,10.4,10.3,9.7,8.7,,,,2.9,4.5,,,
284,거창,1989-04-05,11.9,2.2,0620,23.8,1515,,,,,,,,,,3.5,140,1720,0.7,594,140,3.4,26,1500,62.5,7.8,986.9,,,,,1013.9,12.7,9.8,,,,,,,,,2.5,0.0,13.2,-2.2,12.8,12.2,11.0,10.6,9.8,9.1,,,,2.6,5.2,,{박무}0325-{시정(미만)}{1km}{안개}0705-{시정(이상)}{1km}{박무}0737-{박무}{강도0}0900-1045.  {햇무리}1420-1635.,0.53
284,거창,1989-04-06,13.2,3.2,0630,23.0,1545,,,,,,,,,,5.5,140,1330,1.4,1185,140,5.9,40,1600,63.0,9.4,989.1,,,,,1015.9,12.8,10.0,,,,,,,,,0.5,0.0,13.1,-1.4,12.8,12.2,11.5,11.1,10.0,9.2,,,,3.6,5.8,,{박무}0420-0815.,
284,거창,1989-04-07,14.6,5.5,0635,23.6,1340,,,,,,,,,,5.0,180,1430,1.1,915,290,6.1,32,1430,61.0,9.4,987.6,,,,,1014.4,12.8,7.0,,,,,,,,,6.8,2.0,14.7,1.1,14.3,13.4,12.1,11.7,10.6,9.3,,,,3.0,5.1,,{박무}0215-{박무}{강도0}0300-0840.,
284,거창,1989-04-08,14.9,6.1,2400,22.9,1505,,,,,,,,,,4.0,20,1650,1.2,1035,50,4.9,27,1730,53.3,8.7,987.1,,,,,1013.8,12.8,11.0,,,,,,,,,1.0,1.0,16.8,-0.9,16.1,14.9,13.0,12.4,11.4,9.9,,,,3.6,6.1,,,
284,거창,1989-04-09,11.1,1.3,0620,22.7,1550,,,,,,,,,,3.0,320,1800,0.6,510,20,2.5,27,1700,59.3,7.3,988.4,,,,,1015.5,12.9,10.9,,,,,,,,,4.5,0.0,13.3,-3.9,13.3,13.0,12.3,12.3,11.5,10.1,,,,2.4,4.7,,,
284,거창,1989-04-10,8.9,2.7,2400,16.4,1340,,,,,,,,,,5.5,270,1710,2.0,1686,270,-1.3,28,1200,49.5,5.6,987.7,,,,,1015.0,12.9,11.6,,,,,,,,,0.0,0.0,12.6,-3.9,13.0,12.8,12.1,12.0,11.5,10.4,,,,,6.2,,,
284,거창,1989-04-11,9.8,-0.5,0525,16.5,1615,,,,,,,,,,7.0,290,1240,2.2,1911,290,-0.1,35,1350,51.3,6.1,990.8,,,,,1018.1,12.9,11.4,,,,,,,,,0.0,0.0,12.5,-5.3,11.7,11.4,11.1,11.3,10.8,10.2,,,,2.9,6.2,,,
284,거창,1989-04-12,10.5,-0.5,0620,21.3,1620,,,,,,,,,,3.5,110,1420,0.9,741,230,2.5,34,1630,60.5,7.4,996.4,,,,,1023.8,13.0,11.4,,,,,,,,,0.0,0.0,14.2,-4.4,13.7,12.6,11.5,11.5,10.9,10.4,,,,2.9,5.8,,,
284,거창,1989-04-13,12.1,1.0,0630,23.1,1445,,,,,,,,,,5.0,160,1500,1.2,1029,140,2.2,22,1500,57.5,7.2,995.9,,,,,1023.0,13.0,10.6,,,,,,,,,3.8,0.0,15.9,-4.2,15.3,14.1,12.7,12.2,11.3,10.4,,,,3.9,6.5,0.0,{달무리}2020-2155.  {박무}0420-0835.,
284,거창,1989-04-14,10.8,7.7,0530,13.8,1520,1.0,1345,2.0,1310,15.17,8.3,,,,1.5,180,1710,0.2,189,160,7.3,58,0000,79.3,10.4,989.7,,,,,1016.8,13.0,0.0,,,,,,,,,10.0,3.8,12.5,5.0,12.7,12.8,12.6,12.4,11.9,10.6,,,,0.2,0.3,13.4,{비}0827-{비}{강도0}0900-1020.  {비}1043-{비}{강도0}1500-{비}{강도0}2100-{비}{강도0}2400-  {박무}1210-{박무}{강도0}1500-{박무}{강도0}2100-{박무}{강도0}2400-,
284,거창,1989-04-15,13.0,10.6,2400,18.2,1145,1.0,2150,3.5,2125,14.17,12.0,,,,3.0,20,1530,0.7,582,20,9.8,61,1120,81.0,12.1,980.5,,,,,1007.2,13.1,2.7,,,,,,,,,10.0,4.8,13.6,10.0,13.6,13.4,13.0,12.5,11.9,10.8,,,,0.5,0.8,16.0,-{비}-{비}{강도0}0300-0545.  {비}1535-{비}{강도0}2100-{비}{강도0}2400-  -{박무}-{박무}{강도0}0300-0840.,
284,거창,1989-04-16,10.4,5.7,2400,14.0,1750,0.5,,3.0,55,8.72,9.1,,,,4.0,20,1520,1.1,975,360,6.2,58,1750,75.8,9.5,980.8,,,,,1007.8,13.1,2.1,,,,,,,,,8.0,5.5,11.5,0.3,11.6,12.1,12.4,12.2,11.7,10.7,,,,1.0,1.6,,-{비}-{비}{강도0}0300-0843.,
284,거창,1989-04-17,10.1,2.1,0415,21.9,1455,1.0,1545,2.0,1545,2.25,3.2,,,,6.5,270,1550,0.7,630,250,5.7,36,1225,77.8,9.4,986.9,,,,,1014.0,13.2,6.6,,,,,,,,,6.0,6.0,12.8,-1.7,12.1,12.2,11.9,11.6,11.1,10.7,,,,1.4,2.8,3.2,{박무}0145-{박무}{강도0}0300-{시정(미만)}{1km}{안개}0328-{시정(미만)}{0.5km}{안개}0405-{시정(미만)}{0.2km}{안개}0455-{시정(이상)}{0.2km}{안개}0842-{시정(이상)}{0.5km}{안개}0855-{안개}{강도0}0900-{시정(이상)}{1km}{박무}0928-0955.  {소나기}1525-1650.  {소나기}1845-1935.,6.0
284,거창,1989-04-18,15.4,7.0,0600,25.6,1600,,,,,,,,,,4.5,200,1400,1.0,849,270,9.0,39,1605,67.5,11.6,988.8,,,,,1015.5,13.2,10.7,,,,,,,,,0.8,0.8,16.3,3.0,15.0,14.1,13.0,12.4,11.4,10.8,,,,2.9,4.9,,,
284,거창,1989-04-19,16.8,9.0,0600,26.8,1500,,,,,,,,,,3.0,160,1540,0.8,666,180,10.3,32,1500,71.0,12.6,991.1,,,,,1017.7,13.2,8.1,,,,,,,,,3.8,3.8,18.0,5.2,17.1,16.5,14.7,13.9,12.3,10.9,,,,3.4,5.3,,{박무}0040-{박무}{강도1}0300-{시정(미만)}{1km}{안개}0545-{시정(미만)}{0.5km}{안개}0610-{시정(미만)}{0.2km}{안개}0630-{시정(이상)}{0.2km}{안개}0850-{안개}{강도1}0900-{시정(이상)}{0.5km}{안개}0910-{시정(이상)}{1km}{박무}0923-1025.,3.63
284,거창,1989-04-20,16.7,10.3,0625,26.7,1350,,,,,,,,,,4.0,160,1340,1.0,867,160,10.9,40,1400,71.3,13.1,989.5,,,,,1016.1,13.3,7.2,,,,,,,,,3.3,0.5,17.0,6.9,17.6,16.9,15.4,14.8,13.1,11.1,,,,2.9,4.5,,{박무}0215-{박무}{강도0}0300-{시정(미만)}{1km}{안개}0420-{시정(미만)}{0.5km}{안개}0650-{시정(이상)}{0.5km}{안개}0833-{시정(이상)}{1km}{박무}0855-{박무}{강도2}0900-1127.,4.58
284,거창,1989-04-21,16.4,7.6,0600,26.5,1530,,,,,,,,,,5.5,110,1330,1.5,1284,140,7.9,25,1635,60.5,10.6,986.9,,,,,1013.5,13.3,10.9,,,,,,,,,0.0,0.0,17.3,3.0,16.9,16.6,15.4,15.0,13.4,11.5,,,,4.9,7.6,,{박무}0035-{박무}{강도0}0300-{시정(미만)}{1km}{안개}0415-{시정(미만)}{0.5km}{안개}0437-{시정(미만)}{0.2km}{안개}0505-{시정(이상)}{0.2km}{안개}0745-{시정(이상)}{0.5km}{안개}0807-{시정(이상)}{1km}{박무}0819-{박무}{강도0}0900-0920.,4.07
284,거창,1989-04-22,15.8,7.7,0550,25.3,1315,0.0,,0.0,,0.5,0.0,,,,2.5,360,1650,0.6,540,270,9.7,45,1320,68.0,12.2,983.5,,,,,1010.0,13.3,5.8,,,,,,,,,7.3,2.5,15.8,3.7,15.8,16.3,15.2,15.0,13.6,11.7,,,,1.8,2.6,0.0,{햇무리}0810-0910.  {소나기}1605-1635.,
284,거창,1989-04-23,17.1,12.5,0555,23.2,1300,0.0,,0.0,,0.53,0.0,,,,4.0,160,1600,1.3,1146,160,9.1,34,1150,60.3,11.5,981.2,,,,,1007.5,13.4,7.2,,,,,,,,,8.8,2.8,17.3,10.0,17.6,17.0,15.7,15.1,13.8,12.0,,,,3.5,5.0,4.8,{비}0545-0617.,
284,거창,1989-04-24,13.5,8.0,2400,20.0,1550,1.0,455,2.0,420,7.47,4.8,,,,4.0,160,1730,1.7,1476,110,7.4,39,1610,68.3,10.3,984.0,,,,,1010.7,13.4,7.1,,,,,,,,,6.3,3.0,16.5,3.6,16.5,16.3,15.5,15.3,14.3,12.4,,,,2.4,4.0,,{비}0015-{비}{강도0}0300-0743.  {박무}0435-0840.,
284,거창,1989-04-25,12.7,5.7,0300,23.1,1535,,,,,,,,,,4.0,200,1220,0.9,813,200,6.4,35,1520,69.3,9.7,988.3,,,,,1015.3,13.4,9.3,,,,,,,,,2.3,2.3,16.0,1.2,16.0,15.9,15.2,15.0,14.1,12.6,,,,3.6,6.0,,{박무}0340-{박무}{강도2}0900-1020.,
284,거창,1989-04-26,12.7,3.3,0555,23.3,1520,,,,,,,,,,3.5,270,1640,0.9,747,230,5.0,24,1155,64.3,8.8,988.4,,,,,1015.3,13.5,10.8,,,,,,,,,2.5,0.0,16.5,-1.8,16.5,16.0,15.1,15.3,14.1,12.7,,,,3.9,5.9,1.6,,
284,거창,1989-04-27,15.1,8.0,2325,20.8,1615,1.0,340,1.6,340,0.58,1.6,,,,4.5,290,1420,2.0,1743,290,5.8,32,1710,55.3,9.3,989.4,,,,,1016.1,13.5,9.4,,,,,,,,,3.0,1.8,16.1,3.7,16.7,16.6,15.6,15.4,14.2,12.7,,,,3.4,7.5,,{소나기}0340-0415.  {천둥}{강도0}(SE)0350-0358.,
284,거창,1989-04-28,11.1,5.5,0610,17.2,1250,,,,,,,,,,4.5,70,0830,1.4,1218,70,2.9,36,1820,59.0,7.5,997.2,,,,,1024.6,13.5,9.8,,,,,,,,,5.0,0.0,13.9,1.5,14.8,15.1,14.9,14.9,14.3,12.9,,,,2.8,6.0,,,
284,거창,1989-04-29,10.8,1.1,0600,21.4,1600,,,,,,,,,,4.5,160,1500,1.2,1020,160,1.6,25,1640,57.3,6.9,994.8,,,,,1022.2,13.6,11.5,,,,,,,,,3.5,0.0,15.5,-3.0,15.9,15.3,14.5,14.5,13.8,13.0,,,,3.7,6.8,,{햇무리}0840-0950.,
284,거창,1989-04-30,12.2,5.5,0520,19.1,1515,,,,,,,,,,3.5,160,1400,0.6,537,160,6.6,45,1040,69.0,9.9,988.9,,,,,1015.9,13.6,6.6,,,,,,,,,8.5,4.8,14.9,1.9,15.3,15.3,14.7,14.7,13.8,12.7,,,,1.9,3.4,,,
284,거창,1989-05-01,16.3,6.5,0600,25.9,1520,,,,,,,,,,3.5,160,1300,0.8,681,160,7.3,25,1600,59.3,10.2,983.7,,,,,1010.2,13.6,10.0,,,,,,,,,5.3,0.0,19.4,1.3,19.0,17.5,15.6,15.1,14.1,13.0,,,,3.7,6.5,,{박무}0450-0755.  {햇무리}0832-0927.,
284,거창,1989-05-02,16.3,6.4,0600,28.5,1610,,,,,,,,,,4.0,180,1500,1.2,1068,140,7.1,20,1650,57.8,10.2,986.1,,,,,1012.6,13.7,11.2,,,,,,,,,0.8,0.0,19.6,1.6,19.4,18.2,16.6,16.0,14.6,13.1,,,,4.6,7.4,,{박무}0350-{박무}{강도0}0900-1048.,
284,거창,1989-05-03,16.7,4.5,0600,29.3,1530,,,,,,,,,,3.5,200,1650,0.8,681,160,7.2,30,1500,56.8,10.2,987.3,,,,,1013.9,13.7,10.8,,,,,,,,,1.5,0.0,20.7,-0.8,20.2,18.9,17.1,16.5,14.9,13.2,,,,4.1,6.8,,,
284,거창,1989-05-04,18.1,7.6,0600,30.4,1530,,,,,,,,,,3.5,290,1710,0.7,618,140,9.3,33,1410,59.5,11.8,987.5,,,,,1013.9,13.7,9.1,,,,,,,,,3.3,1.3,21.6,3.0,21.0,20.0,18.0,17.1,15.5,13.4,,,,3.9,6.6,,{박무}0440-0750.,
284,거창,1989-05-05,17.5,12.5,0530,24.7,1300,,,,,,,,,,4.0,160,1400,1.0,834,160,11.3,40,1200,67.5,13.4,987.5,,,,,1014.0,13.8,5.6,,,,,,,,,9.3,6.0,19.8,10.5,20.0,19.4,18.1,17.5,16.1,13.5,,,,2.3,3.9,0.0,,
284,거창,1989-05-06,15.9,12.4,2225,22.2,1730,0.0,,0.0,,2.28,0.0,,,,4.5,90,1240,1.2,1068,110,9.9,45,1700,69.3,12.2,985.6,,,,,1012.2,13.8,6.7,,,,,,,,,6.5,5.0,19.2,7.4,18.9,18.7,17.8,17.3,16.1,13.7,,,,3.5,5.1,,{비}0005-0047.  {비}0340-0515.,
284,거창,1989-05-07,17.6,7.5,0600,28.1,1350,,,,,,,,,,4.5,360,1310,1.1,915,360,9.2,28,1320,61.8,11.7,982.9,,,,,1009.2,13.8,11.2,,,,,,,,,2.0,2.0,21.0,3.1,20.7,19.9,18.0,17.3,16.0,14.2,,,,4.0,6.4,,,
284,거창,1989-05-08,18.1,9.8,0600,28.8,1525,,,,,,,,,,3.5,200,1310,0.9,798,230,9.6,30,1510,61.5,12.0,981.2,,,,,1007.4,13.8,8.5,,,,,,,,,3.0,2.5,22.8,6.2,21.3,20.4,18.6,17.8,16.4,14.2,,,,3.9,6.0,,,
284,거창,1989-05-09,19.6,10.4,0550,28.8,1600,,,,,,,,,,3.5,200,1400,1.0,867,200,12.0,38,1555,63.3,14.0,982.6,,,,,1008.8,13.9,11.6,,,,,,,,,0.3,0.3,24.0,6.2,23.2,21.6,19.5,18.4,16.6,14.2,,,,4.3,7.2,,{박무}0510-0815.,
284,거창,1989-05-10,16.0,11.3,0600,20.4,1210,0.0,,0.2,,5.33,0.3,,,,4.5,160,2220,1.0,831,180,11.9,64,1900,77.0,14.0,986.6,,,,,1013.1,13.9,0.7,,,,,,,,,8.8,4.0,17.7,8.3,18.1,18.5,18.6,18.3,17.3,14.6,,,,0.5,0.8,24.8,{비}1740-2010.  {비}2045-{비}{강도0}2100-2335.  {박무}0210-{박무}{강도0}0300-{박무}{강도0}0900-{박무}{강도0}1500-1850.,
284,거창,1989-05-11,13.9,13.1,0600,14.7,0000,3.5,1430,9.0,1410,16.33,47.9,,,,3.0,90,1840,0.9,780,320,11.9,78,0020,87.5,13.9,981.1,,,,,1007.7,13.9,0.0,,,,,,,,,10.0,5.3,15.0,12.8,15.3,15.9,16.5,16.8,16.4,14.6,,,,0.2,0.3,23.4,{비}0045-{비}{강도0}0300-{비}{강도0}0900-{비}{강도1}1500-1705.  {박무}0115-{박무}{강도0}0300-{박무}{강도0}0900-{박무}{강도1}1500-1720.,
284,거창,1989-05-12,15.0,13.4,0600,20.4,1250,0.5,,1.0,2040,4.83,2.0,,,,3.5,160,1510,0.7,618,160,11.9,60,1130,81.5,14.0,984.1,,,,,1010.7,14.0,4.0,,,,,,,,,10.0,4.0,16.8,12.6,16.6,16.6,16.4,16.3,15.9,14.7,,,,1.0,1.4,2.0,{비}1725-{비}{강도0}2100-2215.  {박무}1735-{박무}{강도0}2100-2230.,
284,거창,1989-05-13,14.7,9.4,2400,20.1,1430,0.1,1100,0.1,,0.92,0.1,,,,6.5,290,1500,1.5,1311,270,8.5,41,1800,68.8,11.4,981.0,,,,,1007.5,14.0,5.2,,,,,,,,,6.5,3.3,16.4,3.7,16.6,16.3,16.3,16.4,16.0,15.1,,,,2.4,3.9,0.1,{비}0810-0830.  {비}1035-1110.,
284,거창,1989-05-14,11.3,7.4,0240,14.6,1105,0.0,,0.0,,2.0,0.0,,,,6.0,270,1130,2.0,1725,270,4.9,53,0525,64.0,8.7,980.3,,,,,1007.2,14.0,2.0,,,,,,,,,5.5,5.5,12.0,2.5,11.9,13.1,14.4,15.5,15.3,14.6,,,,1.0,1.6,0.0,{비}1210-1345.  {비}1415-1440.,
284,거창,1989-05-15,14.4,5.0,0555,23.9,1600,,,,,,,,,,4.0,270,1300,1.4,1233,270,5.9,30,1225,59.0,9.3,987.4,,,,,1014.2,14.0,11.7,,,,,,,,,2.5,0.0,17.2,0.6,15.2,14.8,14.6,14.7,14.3,14.3,,,,4.8,6.9,,{달무리}2030-2320.,
284,거창,1989-05-16,15.1,8.0,0510,22.5,1555,,,,,,,,,,4.0,200,1140,1.0,855,180,7.0,30,1120,61.5,10.1,988.2,,,,,1014.9,14.1,9.6,,,,,,,,,9.0,5.3,16.8,5.8,16.1,15.8,15.5,15.5,14.9,14.3,,,,2.2,4.0,,,
284,거창,1989-05-17,15.7,8.1,0600,23.4,1700,,,,,,,,,,4.5,140,1220,1.3,1113,140,10.0,45,1610,70.3,12.3,987.4,,,,,1014.1,14.1,10.5,,,,,,,,,4.3,2.8,18.9,5.4,18.4,17.6,16.4,16.0,15.3,14.3,,,,4.7,6.5,,{박무}0155-{박무}{강도0}0300-0713.,
284,거창,1989-05-18,16.9,8.9,0600,25.6,1400,,,,,,,,,,4.0,180,1510,1.2,1074,140,11.3,42,1345,72.0,13.5,991.5,,,,,1018.1,14.1,9.1,,,,,,,,,4.0,0.0,20.2,5.7,20.1,19.1,17.5,17.0,15.7,14.4,,,,4.6,6.4,,{박무}0035-{박무}{강도1}0300-{시정(미만)}{1km}{안개}0325-{시정(미만)}{0.5km}{안개}0347-{시정(미만)}{0.2km}{안개}0410-{시정(이상)}{0.2km}{안개}0755-{시정(이상)}{0.5km}{안개}0810-{시정(이상)}{1km}{박무}0830-{박무}{강도0}0900-0955.  {햇무리}1435-1750.  {달무리}2010-2240.,5.08
284,거창,1989-05-19,19.9,13.5,0555,28.3,1455,,,,,,,,,,4.0,180,1340,1.1,984,140,14.0,50,1455,69.3,16.1,991.2,,,,,1017.6,14.1,10.0,,,,,,,,,5.3,4.8,23.5,11.6,22.7,21.4,18.6,17.9,16.6,14.7,,,,3.9,6.3,,,
284,거창,1989-05-20,19.6,13.7,0525,25.9,1500,0.0,,0.0,,0.17,0.0,,,,3.5,270,1700,0.9,786,230,13.9,52,1300,71.0,15.9,989.2,,,,,1015.4,14.2,8.3,,,,,,,,,6.0,1.5,21.6,11.3,21.7,21.1,19.2,18.6,17.1,14.8,,,,2.7,4.2,0.0,{박무}0035-{박무}{강도1}0300-0710.  {소나기}1710-1720.,
284,거창,1989-05-21,20.0,12.5,0615,28.7,1510,,,,,,,,,,4.0,320,1320,1.4,1182,270,10.1,27,1200,56.5,12.5,987.5,,,,,1013.7,14.2,10.2,,,,,,,,,4.8,1.5,22.8,8.3,22.7,21.6,19.5,18.7,17.5,15.4,,,,5.2,7.7,,,
284,거창,1989-05-22,17.6,11.2,0300,27.2,1520,,,,,,,,,,3.5,200,1330,0.6,489,230,8.8,30,1500,59.8,11.3,983.3,,,,,1009.7,14.2,7.3,,,,,,,,,7.3,4.0,20.4,7.3,20.4,20.1,19.0,18.7,17.8,15.5,,,,3.6,6.9,,,
284,거창,1989-05-23,20.2,13.0,0600,27.9,1525,,,,,,,,,,3.5,290,1240,1.0,834,200,12.1,38,1400,60.8,14.1,981.1,,,,,1007.1,14.2,10.5,,,,,,,,,5.0,2.3,24.8,11.1,23.5,22.3,19.8,19.0,17.6,15.6,,,,4.1,6.7,,,
284,거창,1989-05-24,19.0,9.8,0535,29.9,1410,,,,,,,,,,4.5,290,1630,0.9,753,270,11.4,35,1700,63.5,13.5,983.8,,,,,1010.0,14.3,11.6,,,,,,,,,0.8,0.5,23.5,6.5,23.3,22.4,20.3,19.5,18.2,15.9,,,,2.7,6.1,1.4,,
284,거창,1989-05-25,12.5,10.2,2400,14.9,1340,1.0,940,2.0,850,5.62,3.8,,,,3.0,340,1350,0.6,516,340,9.5,70,1725,82.0,11.9,985.1,,,,,1012.0,14.3,1.4,,,,,,,,,7.8,5.5,14.8,6.5,16.7,17.9,18.9,19.0,18.5,16.0,,,,0.8,1.1,2.4,{비}0730-{비}{강도0}0900-1245.  {비}1445-{비}{강도0}1500-1507.  {박무}0740-{박무}{강도0}0900-1025.,
284,거창,1989-05-26,16.7,7.1,0550,28.3,1600,,,,,,,,,,2.5,140,1230,0.7,573,270,9.4,31,1500,67.3,11.9,985.1,,,,,1011.6,14.3,10.7,,,,,,,,,1.3,1.3,20.5,3.1,19.5,18.7,17.9,17.7,17.1,15.9,,,,4.1,6.7,,{박무}0035-{박무}{강도0}0300-{시정(미만)}{1km}{안개}0420-{시정(이상)}{1km}{박무}0805-0843.,3.75
284,거창,1989-05-27,22.0,12.3,0140,30.4,1245,,,,,,,,,,4.0,270,1450,1.5,1284,270,11.8,30,1405,54.3,14.0,984.2,,,,,1010.1,14.3,11.4,,,,,,,,,0.3,0.3,24.2,8.7,23.4,22.1,19.6,18.8,17.5,16.1,,,,5.4,7.8,,,
284,거창,1989-05-28,19.6,10.4,0600,30.2,1615,,,,,,,,,,3.5,270,1640,0.7,606,270,12.0,35,1650,64.0,14.1,984.3,,,,,1010.5,14.3,11.2,,,,,,,,,2.3,0.8,23.6,6.6,23.6,22.5,20.5,19.6,18.1,16.2,,,,4.5,6.4,,,
284,거창,1989-05-29,17.0,12.1,2400,22.2,1340,0.0,,0.0,,0.75,0.0,,,,4.5,110,1320,1.0,876,140,12.8,62,1350,76.8,14.8,986.2,,,,,1012.7,14.4,4.1,,,,,,,,,6.8,5.3,19.9,8.1,20.9,21.1,20.3,19.8,18.7,16.8,,,,1.3,2.8,0.0,{박무}0525-{박무}{강도0}0900-{박무}{강도0}1500-{박무}{강도0}2100-{박무}{강도0}2400-  {천둥}{강도0}(W)1433-1444.  {소나기}1623-1650.  {소나기}1727-1745.,
284,거창,1989-05-30,18.0,11.8,0630,29.3,1520,,,,,,,,,,4.0,290,1730,0.8,717,50,10.8,32,1610,66.8,13.0,988.9,,,,,1015.4,14.4,8.5,,,,,,,,,3.3,3.3,23.1,7.8,22.3,21.5,20.0,19.3,18.1,16.4,,,,3.7,6.5,,-{박무}-{박무}{강도0}0300-{시정(미만)}{1km}{안개}0350-{안개}{강도0}0900-{시정(이상)}{1km}{박무}0915-1045.,5.42
284,거창,1989-05-31,19.9,8.8,0505,31.4,1500,,,,,,,,,,3.5,270,1710,0.8,702,290,10.1,29,1500,57.3,12.4,988.7,,,,,1014.9,14.4,12.2,,,,,,,,,0.5,0.0,24.8,4.0,23.9,23.2,20.9,20.0,18.5,16.7,,,,4.7,8.1,,{박무}0230-{박무}{강도0}0300-0735.,
284,거창,1989-06-01,19.8,9.0,0540,30.0,1505,,,,,,,,,,4.0,160,1520,1.1,912,160,10.2,30,1415,58.8,12.5,988.9,,,,,1015.2,14.4,11.0,,,,,,,,,0.0,0.0,25.3,5.0,24.2,23.6,21.7,20.7,19.2,16.8,,,,5.0,8.2,,,
284,거창,1989-06-02,20.9,11.5,0600,30.2,1625,,,,,,,,,,3.0,140,1800,0.7,609,50,11.3,25,1500,59.5,13.6,989.9,,,,,1016.1,14.4,11.8,,,,,,,,,0.0,0.0,27.2,7.6,25.5,25.0,22.6,21.4,19.5,16.9,,,,5.1,8.1,,,
284,거창,1989-06-03,20.7,10.4,0540,30.2,1555,,,,,,,,,,3.5,140,1540,0.8,705,270,10.8,28,1700,57.3,13.0,989.9,,,,,1016.1,14.4,11.6,,,,,,,,,2.8,0.0,26.8,5.9,25.9,25.0,23.0,21.7,20.0,17.2,,,,5.7,7.8,,{박무}0340-{시정(미만)}{1km}{안개}0510-{시정(이상)}{1km}{박무}0630-0845.,1.33
284,거창,1989-06-04,18.0,10.5,0605,25.7,1200,1.0,2240,4.0,2200,4.67,9.6,,,,5.0,200,1250,1.4,1230,160,12.6,51,1000,71.8,14.8,986.9,,,,,1013.3,14.5,6.4,,,,,,,,,6.3,1.8,20.9,6.7,22.1,22.2,22.0,21.4,20.0,17.4,,,,2.2,3.6,26.9,{박무}0445-{박무}{강도0}0900-0935.  {비}1920-{비}{강도0}2100-{비}{강도0}2400-  {박무}2030-{박무}{강도0}2100-{박무}{강도0}2400-,
284,거창,1989-06-05,20.6,16.0,2400,26.5,1445,1.5,30,5.5,0,9.13,17.3,,,,4.0,160,0200,1.2,1029,230,16.7,62,1800,78.8,19.1,976.1,,,,,1001.9,14.5,6.0,,,,,,,,,6.5,4.5,21.5,13.1,21.9,22.0,21.2,20.7,19.8,17.6,,,,1.9,3.5,0.0,-{비}-{비}{강도0}0300-{비}{강도0}0900-0908.  -{박무}-{박무}{강도0}0300-0840.,
284,거창,1989-06-06,21.6,13.2,0515,30.2,1650,,,,,,,,,,4.0,320,1310,1.1,948,320,14.2,35,1550,65.0,16.3,983.5,,,,,1009.4,14.5,10.8,,,,,,,,,1.0,0.3,23.1,9.8,22.4,22.1,21.5,20.6,19.7,17.6,,,,4.9,7.3,,{박무}0435-{박무}{강도0}0900-0945.,
284,거창,1989-06-07,21.0,13.8,0550,27.9,1230,0.0,,0.1,2300,2.08,0.1,,,,3.5,160,1640,0.6,534,140,15.1,40,1205,69.5,17.2,985.6,,,,,1011.6,14.5,9.1,,,,,,,,,7.5,2.5,22.9,10.6,22.1,22.4,21.5,20.9,19.9,17.9,,,,3.2,5.2,30.5,{박무}0215-{박무}{강도0}0300-0750.  {햇무리}1410-1540.  {비}2155-{비}{강도0}2400-,
284,거창,1989-06-08,15.9,14.1,2400,19.3,0000,2.5,1520,10.0,450,24.0,96.1,,,,4.0,140,0810,1.5,1278,140,13.8,78,0000,87.5,15.9,983.9,,,,,1010.5,14.5,0.0,,,,,,,,,10.0,6.0,17.3,14.0,17.9,18.8,19.7,20.1,20.0,17.9,,,,0.1,0.2,68.2,-{비}-{비}{강도0}0300-{비}{강도0}0900-{비}{강도1}1500-{비}{강도0}2100-{비}{강도0}2400-  {박무}0230-{박무}{강도0}0300-{박무}{강도0}0900-{박무}{강도0}1500-{박무}{강도0}2100-{박무}{강도0}2400-,
284,거창,1989-06-09,15.2,13.8,0600,17.6,1405,0.5,,1.0,330,12.92,3.0,,,,1.5,50,1600,0.3,243,360,12.6,75,1400,84.5,14.6,981.2,,,,,1007.7,14.5,0.0,,,,,,,,,10.0,5.3,16.9,13.7,17.1,17.4,17.9,18.3,18.5,18.0,,,,0.3,0.5,0.5,-{비}-{비}{강도0}0300-0840.  {비}0935-1015.  {비}1745-{비}{강도0}2100-2120.  -{박무}-{박무}{강도0}0300-{박무}{강도0}0900-1025.  {박무}1845-{박무}{강도0}2100-{박무}{강도0}2400-,
284,거창,1989-06-10,16.4,14.1,0250,19.9,1340,,,,,,,,,,2.5,160,1220,0.4,321,140,12.1,62,1340,75.5,14.1,986.8,,,,,1013.3,14.5,3.5,,,,,,,,,9.5,6.0,18.6,13.7,18.3,18.2,18.3,18.2,17.9,17.5,,,,1.3,1.9,,-{박무}-{박무}{강도0}0300-0635.,
284,거창,1989-06-11,17.4,11.1,0610,25.6,1630,,,,,,,,,,3.0,180,1340,0.7,597,160,11.2,43,1620,68.8,13.3,989.7,,,,,1016.2,14.5,10.4,,,,,,,,,3.5,1.8,21.4,8.3,20.4,19.9,19.0,18.5,17.8,17.2,,,,4.0,6.3,,{박무}0235-{박무}{강도0}0300-0810.,
284,거창,1989-06-12,17.8,9.7,0600,25.8,1300,,,,,,,,,,4.0,180,1220,0.6,561,160,12.0,45,1405,70.8,14.1,989.4,,,,,1015.8,14.5,7.8,,,,,,,,,6.8,5.0,20.1,6.6,20.0,19.9,19.6,19.2,18.4,17.3,,,,2.4,4.3,,{박무}0415-0830.  {햇무리}1125-1345.,
284,거창,1989-06-13,19.7,13.8,0500,25.8,1430,,,,,,,,,,3.5,160,1440,1.2,1077,180,13.9,46,1040,70.5,15.9,985.4,,,,,1011.5,14.5,8.9,,,,,,,,,7.5,4.5,21.6,11.1,21.0,20.8,20.0,19.5,18.1,17.2,,,,3.2,5.0,0.9,{박무}0220-{박무}{강도0}0300-{박무}{강도0}0900-0915.,
284,거창,1989-06-14,16.8,15.5,0400,17.8,0800,4.0,1230,16.5,1150,15.92,61.4,,,,2.5,160,1440,0.6,492,140,14.6,80,0625,86.8,16.6,979.1,,,,,1005.3,14.6,0.0,,,,,,,,,9.3,6.8,18.0,13.4,18.6,19.0,19.4,19.4,19.1,17.5,,,,0.2,0.4,60.5,{비}0620-{비}{강도0}0900-{비}{강도1}1500-{비}{강도0}2100-2215.  {박무}0830-{박무}{강도0}0900-{박무}{강도0}1500-{박무}{강도0}2100-{박무}{강도0}2400-,
284,거창,1989-06-15,20.1,14.2,0545,28.0,1415,0.1,,0.5,1801,1.57,0.6,,,,3.5,290,1800,0.6,543,90,16.0,55,1400,77.8,18.3,977.2,,,,,1003.1,14.6,7.0,,,,,,,,,6.3,4.5,21.7,11.1,21.2,20.6,19.5,19.0,18.4,17.6,,,,2.8,4.0,0.6,-{박무}-0030.  {비}1801-1935.,
284,거창,1989-06-16,20.6,15.4,0540,27.1,1545,,,,,,,,,,2.0,50,1840,0.4,309,20,16.0,54,1455,75.5,18.2,976.1,,,,,1001.9,14.6,6.0,,,,,,,,,7.3,3.5,22.5,14.0,21.8,21.5,20.4,19.8,19.1,17.8,,,,1.9,3.3,,{박무}0140-{박무}{강도0}0300-0845.,
284,거창,1989-06-17,19.2,13.2,0600,26.6,1550,,,,,,,,,,4.0,270,1750,1.2,1008,270,13.3,44,1555,71.3,15.3,975.9,,,,,1001.9,14.6,8.3,,,,,,,,,5.0,1.3,22.1,10.6,21.3,21.1,20.4,20.0,19.1,17.8,,,,4.1,5.9,,-{박무}-{박무}{강도1}0300-{시정(미만)}{1km}{안개}0410-{시정(미만)}{0.5km}{안개}0455-{시정(미만)}{0.2km}{안개}0510-{시정(미만)}{0.1km}{안개}0545-{시정(이상)}{0.1km}{안개}0645-{시정(이상)}{0.2km}{안개}0725-{시정(이상)}{0.5km}{안개}0750-{시정(이상)}{1km}{박무}0810-{박무}{강도0}0900-0920.,4.0
284,거창,1989-06-18,18.9,10.1,0530,25.8,1540,0.0,,0.0,,0.42,0.0,,,,3.0,140,1710,0.9,771,20,13.3,47,1520,71.3,15.4,979.2,,,,,1005.3,14.6,9.7,,,,,,,,,4.0,2.5,21.5,7.0,21.3,21.1,20.4,19.9,19.3,17.9,,,,3.0,4.7,0.0,{박무}0140-{박무}{강도0}0300-0740.  {소나기}2050-{소나기}{강도0}2100-2115.,
284,거창,1989-06-19,18.0,14.8,0500,24.1,1350,0.0,,0.0,,0.25,0.0,,,,3.0,160,1500,0.8,705,160,13.8,55,1320,76.8,15.8,983.6,,,,,1009.9,14.6,5.0,,,,,,,,,9.0,4.8,20.3,13.6,21.6,21.7,20.8,20.2,19.6,18.1,,,,2.8,4.7,0.0,{소나기}1910-1925.,
284,거창,1989-06-20,17.8,14.6,0810,22.8,1420,,,,,,,,,,3.5,160,0910,1.4,1233,160,13.6,60,1330,76.8,15.6,986.3,,,,,1012.6,14.6,6.3,,,,,,,,,9.0,4.3,20.4,14.4,21.9,21.9,20.8,20.3,19.7,18.2,,,,3.3,6.8,,{박무}0225-{박무}{강도0}0300-{박무}{강도0}0900-0945.  {박무}2250-{박무}{강도0}2400-,
284,거창,1989-06-21,19.8,14.9,0630,25.8,1630,,,,,,,,,,3.5,180,1450,0.8,666,160,14.9,56,1500,74.3,16.9,987.7,,,,,1013.9,14.6,8.7,,,,,,,,,4.5,2.8,23.8,11.9,24.0,23.3,21.3,20.7,19.6,18.3,,,,3.6,5.9,,-{박무}-{박무}{강도0}0300-{박무}{강도0}0900-1045.  {박무}2230-{박무}{강도0}2400-,
284,거창,1989-06-22,20.9,14.1,0500,28.3,1530,,,,,,,,,,3.0,160,1410,0.6,531,50,15.3,45,1700,72.3,17.4,985.9,,,,,1012.0,14.6,11.2,,,,,,,,,2.5,1.3,25.4,12.0,25.6,24.5,22.0,21.3,20.1,18.4,,,,4.2,6.1,,-{박무}-{박무}{강도1}0300-{박무}{강도0}0900-0950.,
284,거창,1989-06-23,21.5,15.4,0600,27.0,1315,,,,,,,,,,4.5,110,1700,1.5,1257,110,14.0,38,1450,64.3,16.0,982.3,,,,,1008.2,14.6,9.8,,,,,,,,,4.5,3.0,25.4,13.4,25.1,24.9,22.8,21.9,20.5,18.6,,,,4.8,6.9,2.8,,
284,거창,1989-06-24,19.1,17.9,0730,20.9,0000,0.5,,1.8,800,19.25,9.5,,,,4.5,360,1200,1.6,1350,360,16.7,72,0000,86.0,19.0,977.5,,,,,1003.4,14.6,0.7,,,,,,,,,10.0,4.8,20.6,17.2,21.0,21.5,21.8,21.7,21.2,18.8,,,,0.4,0.6,9.2,{비}0420-{비}{강도0}0900-1325.  {비}1350-{비}{강도0}1500-{비}{강도0}2100-{비}{강도0}2400-  {박무}2040-{박무}{강도0}2100-{박무}{강도0}2400-,
284,거창,1989-06-25,22.7,18.5,0200,30.1,1600,0.5,,1.0,130,7.25,2.5,,,,2.5,250,1540,0.4,387,250,18.5,54,1405,78.8,21.4,981.1,,,,,1006.8,14.6,8.0,,,,,,,,,6.8,4.3,24.4,17.2,24.0,23.4,21.8,21.2,20.6,19.0,,,,2.7,4.8,,-{비}-{비}{강도0}0300-0715.  -{박무}-{박무}{강도0}0300-{박무}{강도0}0900-1005.,
284,거창,1989-06-26,21.6,17.6,0530,25.9,1730,0.0,,0.0,,1.08,0.0,,,,1.5,320,0230,0.2,150,20,17.9,64,1310,79.5,20.5,984.5,,,,,1010.5,14.6,2.3,,,,,,,,,8.5,6.5,22.3,15.2,22.5,22.7,22.1,21.6,20.9,19.1,,,,1.0,1.8,0.0,{박무}0150-{박무}{강도0}0300-{박무}{강도0}0900-{박무}{강도0}1500-{박무}{강도0}2100-{박무}{강도0}2400-  {비}1545-1650.,
284,거창,1989-06-27,19.4,16.4,2400,22.0,1300,0.5,,2.0,1300,8.72,5.7,,,,1.5,180,1400,0.2,174,180,16.9,78,1520,85.3,19.3,981.0,,,,,1007.0,14.6,0.4,,,,,,,,,8.0,2.8,20.7,14.6,21.5,21.6,21.6,21.3,20.6,19.0,,,,0.8,1.3,5.7,-{박무}-{박무}{강도1}0300-{시정(미만)}{1km}{안개}0350-{시정(미만)}{0.5km}{안개}0425-{시정(미만)}{0.2km}{안개}0540-{시정(이상)}{0.2km}{안개}0610-{시정(이상)}{0.5km}{안개}0650-{시정(이상)}{1km}{박무}0715-{박무}{강도1}0900-{박무}{강도0}1500-{박무}{강도0}2100-{박무}{강도0}2400-  {비}0842-{비}{강도0}0900-{비}{강도0}1500-1725.,3.42
284,거창,1989-06-28,21.3,16.0,0540,29.1,1615,,,,,,,,,,2.5,360,1120,0.7,612,340,17.2,48,1630,78.5,19.8,979.4,,,,,1005.3,14.6,9.9,,,,,,,,,4.3,2.0,24.2,15.8,23.3,23.0,21.8,21.1,20.5,19.1,,,,3.0,5.4,,-{박무}-{박무}{강도1}0300-{시정(미만)}{1km}{안개}0340-{시정(미만)}{0.5km}{안개}0425-{시정(미만)}{0.2km}{안개}0510-{시정(미만)}{0.1km}{안개}0545-{시정(이상)}{0.1km}{안개}0620-{시정(이상)}{0.2km}{안개}0645-{시정(이상)}{0.5km}{안개}0720-{시정(이상)}{1km}{박무}0805-{박무}{강도1}0900-1045.  {박무}2230-{박무}{강도0}2400-,4.42
284,거창,1989-06-29,22.0,14.7,0425,30.3,1500,,,,,,,,,,3.0,180,1200,1.0,894,180,16.7,45,1700,74.5,19.1,980.3,,,,,1006.2,14.6,10.6,,,,,,,,,1.5,0.3,25.3,11.9,24.5,24.2,22.7,21.8,20.6,19.2,,,,5.2,7.8,,-{박무}-{박무}{강도1}0300-{시정(미만)}{1km}{안개}0415-{시정(미만)}{0.5km}{안개}0440-{시정(미만)}{0.2km}{안개}0510-{시정(미만)}{0.1km}{안개}0525-{시정(이상)}{0.1km}{안개}0610-{시정(이상)}{0.2km}{안개}0650-{시정(이상)}{0.5km}{안개}0730-{시정(이상)}{1km}{박무}0820-{박무}{강도0}0900-0937.,4.08
284,거창,1989-06-30,22.5,16.6,0430,28.2,1300,,,,,,,,,,3.5,180,1600,0.8,720,160,17.2,52,1500,73.3,19.6,981.0,,,,,1006.8,14.5,10.6,,,,,,,,,2.0,1.5,26.4,14.1,26.3,25.5,23.4,22.6,22.0,19.5,,,,4.8,6.8,,{박무}0140-{박무}{강도0}0300-{시정(미만)}{1km}{안개}0345-{시정(미만)}{0.5km}{안개}0420-{시정(미만)}{0.2km}{안개}0450-{시정(미만)}{0.1km}{안개}0520-{시정(이상)}{0.1km}{안개}0650-{시정(이상)}{0.2km}{안개}0735-{시정(이상)}{0.5km}{안개}0805-{시정(이상)}{1km}{박무}0845-{박무}{강도1}0900-1145.,5.0
284,거창,1989-07-01,20.2,16.7,2400,24.3,1325,,,,,,,,,,4.0,180,1500,1.3,1089,180,15.4,62,1500,74.0,17.5,985.1,,,,,1011.2,14.5,7.4,,,,,,,,,7.0,4.5,23.4,15.2,24.5,24.4,23.5,22.9,21.9,19.5,,,,3.4,5.0,,,
284,거창,1989-07-02,19.0,15.6,0115,22.3,1250,,,,,,,,,,2.5,70,1300,1.0,885,90,14.1,60,1300,73.5,16.1,987.7,,,,,1014.0,14.5,4.1,,,,,,,,,9.3,4.5,21.3,13.1,22.3,22.5,22.3,22.0,21.6,19.8,,,,2.6,3.4,,,
284,거창,1989-07-03,19.6,14.0,0500,24.7,1515,,,,,,,,,,2.5,180,1430,0.6,489,160,14.3,52,1640,72.8,16.4,987.9,,,,,1014.1,14.5,8.4,,,,,,,,,8.0,4.0,24.2,11.1,23.7,23.0,22.0,21.6,21.4,19.8,,,,3.1,4.6,,{박무}0210-{박무}{강도0}0300-0320.,
284,거창,1989-07-04,21.4,16.0,0400,27.5,1420,,,,,,,,,,3.0,140,1600,0.6,504,180,15.5,44,1425,71.3,17.7,987.6,,,,,1013.6,14.5,8.1,,,,,,,,,6.5,3.0,25.8,13.8,25.9,25.0,23.0,22.2,21.5,19.8,,,,3.5,5.7,,,
284,거창,1989-07-05,22.0,17.9,0530,27.6,1200,0.0,,0.0,,0.63,0.0,,,,4.0,160,1300,0.7,636,180,17.9,59,1200,77.8,20.6,985.6,,,,,1011.5,14.5,8.3,,,,,,,,,5.8,3.3,26.3,15.8,26.8,26.2,24.0,23.0,21.9,19.9,,,,3.6,5.6,0.0,{박무}0425-{박무}{강도0}0900-1055.  {소나기}1430-{소나기}{강도0}1500-1508.,
284,거창,1989-07-06,21.6,15.2,0500,28.8,1525,,,,,,,,,,3.0,180,1530,0.6,555,180,15.0,41,1500,68.0,17.1,983.2,,,,,1009.1,14.5,10.1,,,,,,,,,1.5,0.0,28.3,12.2,27.9,27.0,24.7,23.4,22.0,20.1,,,,5.0,6.6,,{박무}0330-{시정(미만)}{1km}{안개}0515-{시정(미만)}{0.5km}{안개}0545-{시정(미만)}{0.2km}{안개}0610-{시정(미만)}{0.1km}{안개}0620-{시정(이상)}{0.1km}{안개}0710-{시정(이상)}{0.2km}{안개}0730-{시정(이상)}{0.5km}{안개}0740-{시정(이상)}{1km}{박무}0750-{박무}{강도0}0900-1015.,2.58
284,거창,1989-07-07,21.7,13.3,0540,29.9,1505,,,,,,,,,,3.5,160,1700,1.0,888,160,15.0,34,1500,69.8,17.2,983.4,,,,,1009.4,14.5,10.5,,,,,,,,,1.0,0.0,28.4,10.3,27.7,26.9,24.9,23.8,22.4,20.3,,,,5.4,8.2,,{박무}0205-{박무}{강도1}0300-{시정(미만)}{1km}{안개}0455-{시정(미만)}{0.5km}{안개}0528-{시정(미만)}{0.2km}{안개}0550-{시정(이상)}{0.2km}{안개}0725-{시정(이상)}{0.5km}{안개}0743-{시정(이상)}{1km}{박무}0815-{박무}{강도0}0900-0950.,3.33
284,거창,1989-07-08,20.5,15.9,0500,26.3,1125,3.0,1700,11.5,1700,9.95,35.5,,,,4.0,140,1210,0.7,591,50,17.6,60,1015,83.0,20.3,982.6,,,,,1008.5,14.5,4.2,,,,,,,,,7.8,2.3,24.1,12.8,24.1,24.3,24.2,23.7,22.4,20.3,,,,1.2,1.7,56.5,{박무}0215-{박무}{강도0}0300-{박무}{강도0}0900-1035.  {비}1403-{비}{강도0}1500-{비}{강도0}2100-{비}{강도0}2400-  {박무}1430-{박무}{강도1}1500-{박무}{강도0}2100-{박무}{강도0}2400-,
284,거창,1989-07-09,22.0,19.4,0300,27.3,1730,4.0,635,10.5,620,8.42,21.3,,,,2.5,180,2030,0.3,231,270,19.2,73,1720,84.5,22.4,979.9,,,,,1005.6,14.4,4.3,,,,,,,,,8.8,3.8,24.0,18.7,23.5,23.4,23.1,22.7,22.1,20.5,,,,1.5,2.1,0.3,-{비}-{비}{강도0}0300-0320.  {비}0440-{비}{강도0}0900-0945.  -{박무}-{박무}{강도0}0300-{박무}{강도1}0900-1120.,
284,거창,1989-07-10,22.3,18.1,0540,28.5,1325,,,,,,,,,,2.0,140,1700,0.4,366,140,17.9,49,1300,77.8,20.6,984.0,,,,,1009.8,14.4,6.1,,,,,,,,,9.5,3.5,24.0,16.5,24.1,24.1,23.3,22.7,22.1,20.5,,,,2.2,3.8,16.0,{박무}0155-{박무}{강도0}0300-{시정(미만)}{1km}{안개}0415-{시정(이상)}{1km}{박무}0750-{박무}{강도1}0900-1040.,3.58
284,거창,1989-07-11,22.4,20.2,0330,26.9,1750,4.0,1450,11.5,1420,11.53,43.7,,,,2.5,140,0920,0.8,669,180,20.1,78,1830,87.0,23.7,980.6,,,,,1006.4,14.4,2.1,,,,,,,,,9.8,4.3,23.2,19.5,23.8,23.9,23.5,22.9,22.1,20.3,,,,0.2,0.4,31.1,{비}0420-{비}{강도0}0900-1004.  {비}1126-1305.  {비}1335-{비}{강도1}1500-1522.  {비}1625-1742.  {비}2235-2340.  {박무}0340-{박무}{강도0}0900-{박무}{강도0}1500-1515.,
284,거창,1989-07-12,22.3,19.3,2400,23.0,0000,3.5,1430,5.5,1400,13.83,15.0,,,,2.0,110,1440,0.2,213,110,20.1,83,1225,87.3,23.6,980.2,,,,,1006.0,14.4,0.1,,,,,,,,,10.0,5.3,23.4,17.3,23.8,23.8,23.7,23.2,22.5,20.7,,,,0.3,0.5,11.6,{비}0325-0730.  {비}0840-{비}{강도0}0900-1025.  {비}1055-{비}{강도0}1500-1855.  {박무}0720-{박무}{강도0}0900-{박무}{강도0}1500-{박무}{강도0}2100-{박무}{강도0}2400-,
284,거창,1989-07-13,23.8,18.0,0600,32.2,1620,,,,,,,,,,2.0,320,1800,0.4,375,320,18.7,46,1525,75.0,21.6,983.3,,,,,1009.0,14.4,10.4,,,,,,,,,4.0,2.5,27.1,16.8,26.2,25.5,24.1,23.2,22.4,20.8,,,,4.9,6.6,,-{박무}-{박무}{강도1}0300-{시정(미만)}{1km}{안개}0535-{시정(미만)}{0.5km}{안개}0640-{시정(이상)}{0.5km}{안개}0725-{시정(이상)}{1km}{박무}0815-{박무}{강도0}0900-1040.,2.67
284,거창,1989-07-14,24.0,20.2,0530,29.7,1420,0.1,1558,0.1,1537,0.52,0.1,,,,2.5,140,1440,0.5,462,160,19.8,59,1405,77.8,23.1,987.0,,,,,1012.7,14.4,4.6,,,,,,,,,8.5,5.0,25.6,20.1,25.9,25.9,25.0,24.0,22.7,20.8,,,,1.7,2.4,13.7,{박무}0335-{박무}{강도0}0900-0950.  {소나기}1537-1608.  {박무}2140-{박무}{강도0}2400-,
284,거창,1989-07-15,21.3,19.8,2400,24.0,1200,11.0,1740,27.0,1730,11.58,58.0,,,,2.0,320,1820,0.3,228,320,19.2,79,1210,87.3,22.2,987.3,,,,,1013.3,14.3,1.5,,,,,,,,,10.0,7.0,22.6,19.1,23.3,23.6,24.1,23.7,23.0,21.1,,,,0.2,0.4,49.6,-{박무}-{박무}{강도0}0300-{시정(미만)}{1km}{안개}0605-{시정(미만)}{0.5km}{안개}0820-{안개}{강도1}0900-{시정(이상)}{0.5km}{안개}0930-{시정(이상)}{1km}{박무}1050-{박무}{강도0}1500-{박무}{강도0}2100-{박무}{강도0}2400-  {비}0510-0530.  {소나기}0705-{소나기}{강도1}0900-{비}0945-1053.{비}1204-1418.  {비}1607-{소나기}1740-{비}1849-{비}{강도0}2100-2120.  {뇌전}{강도0}(NW 5-8)0725-{뇌전}{강도0}(NW{이동}W 8-10)0747-0820.  {뇌전}{강도0}(NW 5-8)1805-1839.,4.75
284,거창,1989-07-16,20.9,19.5,0300,24.2,1335,8.5,2200,29.0,2130,10.52,92.3,,,,3.0,140,1540,0.6,501,110,18.7,82,1150,86.8,21.6,985.6,,,,,1011.7,14.3,1.1,,,,,,,,,10.0,4.5,23.0,18.9,22.5,22.6,23.0,22.7,22.4,21.3,,,,0.3,0.5,92.7,{비}0605-0833.  {비}1055-1110.  {비}1150-{소나기}1205-1248.  {소나기}1415-1423.  {소나기}1525-1550.  {소나기}1610-1617.  {소나기}1750-{소나기}{강도1}2100-{소나기}{강도1}2400-  -{박무}-{박무}{강도0}0300-{박무}{강도0}0900-0950.  {박무}1155-{박무}{강도0}1500-{박무}{강도0}2100-{박무}{강도0}2400-  {천둥}{강도0}(SW)1207-1220.  {천둥}{강도0}(SW)1530-1545.  {천둥}{강도0}(N)1640-{뇌전}{강도0}(NW 5-8)1653-{뇌전}{강도0}(NW{이동}W 5-8)1707-{뇌전}{강도0}(W{이동}S  5-8)1730-{뇌전}{강도0}(SW{이동}S 7-8)1830-{뇌전}{강도0}(S{이동}SE 8-10)1920-{뇌전}{강도0}(SE{이동}E 8-12)2038-2051.  {뇌전}{강도0}(N 5-8)2135-{뇌전}{강도0}(N{이동}NE 5-10)2215-2325.,
284,거창,1989-07-17,23.6,19.1,1405,31.0,1515,2.0,40,7.0,2350,4.33,6.6,,,,1.5,140,1410,0.3,216,270,20.4,62,1250,82.5,24.2,984.8,,,,,1010.5,14.3,6.8,,,,,,,,,9.3,4.5,25.6,18.4,25.1,24.6,23.4,22.8,22.2,21.2,,,,2.6,3.7,1.0,-{소나기}-{비}0120-{비}{강도0}0300-0340.  {소나기}1655-1735.  -{박무}-{박무}{강도0}0300-{시정(미만)}{1km}{안개}0435-{시정(미만)}{0.5km}0510-{시정(미만)}{0.2km}{안개}0610-{시정(이상)}{0.2km}{안개}0705-{시정(이상)}{0.5km}{안개}0750-{시정(이상)}{1km}{박무}0825-{박무}{강도0}0900-0950.  {박무}2230-{박무}{강도0}2400-,3.83
284,거창,1989-07-18,25.4,22.6,0400,30.8,1320,,,,,,,,,,3.5,160,1500,1.0,870,160,22.1,65,1315,82.0,26.6,985.7,,,,,1011.3,14.3,8.0,,,,,,,,,7.5,4.0,27.0,21.7,26.8,26.5,25.0,23.8,22.5,21.1,,,,3.7,4.9,,-{박무}-{박무}{강도0}0300-{박무}{강도0}0900-1040.  {박무}2310-{박무}{강도0}2400-,
284,거창,1989-07-19,25.8,21.2,0400,31.5,1320,,,,,,,,,,3.0,160,1400,0.8,654,180,22.0,64,1325,79.8,26.4,987.8,,,,,1013.4,14.3,8.9,,,,,,,,,6.3,4.3,27.9,19.1,27.6,27.2,25.6,24.6,23.2,21.3,,,,4.5,5.8,,-{박무}-{시정(미만)}{1km}{안개}0245-{안개}{강도0}0300-{시정(미만)}{0.5km}{안개}0327-{시정(미만)}{0.2km}{안개}0355-{시정(이상)}{0.2km}{안개}0727-{시정(이상)}{0.5km}{안개}0754-{시정(이상)}{1km}{박무}0840-{박무}{강도1}0900-1020.,5.92
284,거창,1989-07-20,26.0,21.8,0400,33.1,1350,3.0,1520,4.5,,0.45,4.5,,,,3.0,180,1200,0.7,609,180,22.0,60,1350,79.0,26.6,988.1,,,,,1013.7,14.2,8.5,,,,,,,,,5.5,3.8,27.9,20.2,28.2,27.8,26.2,25.3,23.6,21.4,,,,3.6,5.5,4.5,{박무}0210-{박무}{강도0}0300-{시정(미만)}{1km}{안개}0345-{시정(미만)}{0.5km}{안개}0410-{시정(미만)}{0.2km}{안개}0540-{시정(미만)}{0.1km}{안개}0610-{시정(이상)}{0.1km}{안개}0720-{시정(이상)}{0.2km}{안개}0745-{시정(이상)}{0.5km}{안개}0800-{시정(이상)}{1km}{박무}0829-0850.  {소나기}1508-1535.  {뇌전}{강도0}(S 8-10)1519-1531.,4.73
284,거창,1989-07-21,24.6,21.4,2400,31.7,1315,3.0,1520,6.5,1510,1.67,6.7,,,,4.0,290,1530,0.6,510,90,21.2,60,1230,81.5,25.2,989.5,,,,,1015.3,14.2,7.1,,,,,,,,,5.5,3.8,26.9,20.2,27.3,27.2,26.3,25.4,23.9,21.5,,,,3.0,5.4,6.7,{박무}0410-{시정(미만)}{1km}{안개}0530-{시정(이상)}{1km}{박무}0710-0840.  {천둥}{강도0}(W)1410-{뇌전}{강도0}(NW 3-5)1440-{뇌전}{강도0}(NW 3-5)1500-1605.  {뇌전}{강도0}(NE 5-8)1708-1724.  {소나기}1445-{소나기}{강도0}1500-1610.  {소나기}1705-1720.  {박무}2155-{박무}{강도0}2400-,1.67
284,거창,1989-07-22,25.4,21.2,0630,32.2,1420,,,,,,,,,,3.5,180,1410,0.6,531,180,21.3,59,1420,79.0,25.5,987.3,,,,,1012.9,14.2,7.9,,,,,,,,,7.5,4.8,28.2,20.6,28.0,27.4,26.2,25.2,24.1,22.2,,,,3.3,5.8,,-{박무}-{시정(미만)}{1km}{안개}0140-{안개}{강도0}0300-{시정(이상)}{1km}{박무}0830-{박무}{강도1}0900-1115.  {박무}2238-{박무}{강도0}2400-,6.83
284,거창,1989-07-23,26.0,21.9,0610,30.7,1330,,,,,,,,,,3.0,160,1140,0.8,687,160,21.4,60,1330,76.5,25.6,984.8,,,,,1010.3,14.2,9.4,,,,,,,,,6.5,3.0,28.5,20.8,28.3,28.2,26.7,25.7,24.3,22.3,,,,3.9,6.0,,-{박무}-{박무}{강도1}0300-{시정(미만)}{1km}{안개}0412-{시정(미만)}{0.5km}{안개}0450-{시정(미만)}{0.2km}{안개}0525-{시정(미만)}{0.1km}{안개}0546-{시정(이상)}{0.1km}{안개}0734-{시정(이상)}{0.2km}{안개}0745-{시정(이상)}{0.5km}{안개}0807-{시정(이상)}{1km}{박무}0840-{박무}{강도0}0900-1035.,4.47
284,거창,1989-07-24,25.3,22.1,0520,30.4,1525,0.5,,0.5,2100,3.62,1.3,,,,4.0,180,1500,1.3,1140,160,21.4,64,1550,79.5,25.5,980.5,,,,,1006.0,14.2,4.6,,,,,,,,,8.8,4.8,26.7,20.6,26.8,26.7,26.4,25.7,24.7,22.7,,,,1.0,1.7,63.3,{박무}0030-{박무}{강도0}0300-0715.  {비}0913-1020.  {소나기}1055-1107.  {비}2007-{비}{강도0}2100-2225.,
284,거창,1989-07-25,23.5,22.9,2400,24.9,0915,9.0,320,34.0,240,20.87,146.9,,,,2.5,180,2000,0.5,408,180,21.4,86,0100,88.0,25.5,974.0,,,,,999.5,14.1,0.0,,,,,,,,,10.0,6.0,24.1,22.6,24.1,24.5,25.2,24.9,24.4,22.5,,,,0.2,0.3,92.7,{소나기}0048-{소나기}{강도1}0300-{비}0350-{비}{강도0}0900-{소나기}1307-{소나기}{강도1}1500-{비}1510-{비}{강도0}2100-2140.{뇌전}{강도0}(SW 3-6)0105-{뇌전}{강도0}(SW 3-6)0300-{뇌전}{강도0}(SW{이동}S 3-8)0307-0320.  {뇌전}{강도0}(NW 3-5)1307-{뇌전}{강도0}(NW 3-5)1500-1508.,
284,거창,1989-07-26,23.9,22.9,0000,26.2,1530,2.5,1800,7.0,1800,16.95,32.7,,,,3.0,140,1700,0.9,753,180,21.4,80,1440,86.3,25.5,975.1,,,,,1000.6,14.1,0.0,,,,,,,,,10.0,6.0,24.9,22.4,24.6,24.5,24.4,24.1,23.6,22.5,,,,0.2,0.3,51.6,{비}0003-0015.  {비}0205-{비}{강도0}0300-0808.  {비}1048-1440.  {비}1710-{비}{강도0}2100-{비}{강도1}2400-,
284,거창,1989-07-27,23.9,21.8,2400,27.5,1400,2.0,155,8.0,155,13.88,29.5,,,,3.5,360,1520,0.7,570,20,20.9,74,1720,83.8,24.8,979.3,,,,,1004.9,14.1,3.6,,,,,,,,,9.8,5.3,25.1,21.4,24.8,24.8,24.3,23.8,23.1,22.4,,,,0.8,1.4,3.4,-{비}-{비}{강도1}0300-{비}{강도0}0900-1231.  {비}2018-{비}{강도0}2100-2140.,
284,거창,1989-07-28,23.1,21.5,0300,25.2,1215,3.5,2325,10.6,2300,13.82,18.5,,,,7.0,110,2400,2.5,2142,70,19.8,74,1745,81.8,23.1,977.4,,,,,1003.0,14.1,0.0,,,,,,,,,9.5,5.8,23.3,20.9,23.5,23.6,24.0,23.6,23.3,22.2,,,,0.2,0.4,62.5,{비}0445-0650.  {비}1216-{비}{강도0}1500-{비}{강도0}2100-{비}{강도1}2400-,
284,거창,1989-07-29,23.8,22.3,2400,25.3,1000,4.0,20,17.5,0,7.63,47.8,,,,7.5,110,0010,1.6,1398,160,20.7,79,1700,82.8,24.4,980.3,,,,,1005.9,14.0,0.0,,,,,,,,,8.5,5.0,23.8,21.5,23.8,24.0,23.5,23.2,22.8,22.0,,,,0.4,0.6,3.2,-{비}-{비}{강도1}0300-0520.  {비}0937-1155.  {박무}2215-{박무}{강도0}2400-,
284,거창,1989-07-30,25.6,21.2,0305,32.0,1700,,,,,,,,,,2.5,160,1450,0.5,399,160,20.9,52,1540,76.5,24.8,984.1,,,,,1009.6,14.0,10.1,,,,,,,,,5.5,5.5,27.9,19.7,27.2,26.7,24.7,23.7,22.7,22.3,,,,4.8,5.6,,-{박무}-{시정(미만)}{1km}{안개}0210-{안개}{강도0}0300-{시정(미만)}{0.5km}{안개}0340-{시정(미만)}{0.2km}{안개}0510-{시정(이상)}{0.2km}{안개}0540-{시정(이상)}{0.5km}{안개}0645-{시정(이상)}{1km}{박무}1125-{박무}{강도0}0900-1045.,5.67
284,거창,1989-07-31,25.0,20.8,0535,30.7,1440,,,,,,,,,,4.5,70,1500,1.3,1134,90,19.5,48,1550,72.8,22.7,980.8,,,,,1006.3,14.0,10.9,,,,,,,,,2.5,2.5,27.6,19.5,27.4,27.3,26.0,25.0,23.6,22.3,,,,5.8,7.5,,{박무}0015-{시정(미만)}{1km}{안개}0220-{시정(미만)}{0.5km}{안개}0245-{안개}{강도1}0300-{시정(미만)}{0.2km}{안개}0325-{시정(이상)}{0.2km}{안개}0655-{시정(이상)}{0.5km}{안개}0727-{시정(이상)}{1km}{박무}0730-0822.,5.17
284,거창,1989-08-01,24.3,19.0,0600,29.2,1455,,,,,,,,,,4.5,70,1300,1.9,1668,70,17.3,50,1500,66.3,19.8,979.6,,,,,1005.6,14.0,10.8,,,,,,,,,0.8,0.8,26.1,17.4,26.7,27.3,25.8,25.0,24.0,22.7,,,,5.7,7.8,,,
284,거창,1989-08-02,21.9,15.9,0600,26.5,1050,0.0,,0.0,,1.43,0.0,,,,5.0,20,1620,2.3,1971,50,15.5,54,1045,67.5,17.6,980.0,,,,,1005.8,13.9,7.8,,,,,,,,,5.0,3.8,23.4,13.9,23.7,23.9,24.2,24.4,23.8,22.7,,,,2.1,3.5,0.0,{비}1512-1535.  {비}1617-1720.,
284,거창,1989-08-03,24.2,21.3,0600,26.9,1200,0.1,,0.1,,2.3,0.1,,,,4.0,50,1030,1.8,1554,70,20.4,75,1905,79.5,24.1,979.7,,,,,1005.3,13.9,0.8,,,,,,,,,10.0,4.3,24.1,20.7,23.9,24.1,24.0,23.8,23.4,22.5,,,,1.3,1.8,0.1,{비}0450-0640.  {비}1335-1403.,
284,거창,1989-08-04,24.7,19.1,2400,29.8,1600,,,,,,,,,,4.0,70,1640,1.3,1143,90,19.8,43,1810,74.0,23.1,983.0,,,,,1008.6,13.9,9.1,,,,,,,,,6.3,2.5,25.5,16.9,25.8,25.7,24.7,23.9,23.2,22.3,,,,3.6,5.5,,,
284,거창,1989-08-05,24.1,16.9,0600,32.2,1405,,,,,,,,,,3.0,360,1750,0.5,456,70,17.0,35,1400,67.5,19.4,981.0,,,,,1006.6,13.8,12.2,,,,,,,,,0.8,0.0,28.0,15.1,28.2,27.5,25.3,24.5,23.4,22.5,,,,4.9,7.4,,,
284,거창,1989-08-06,23.7,16.5,0600,31.5,1310,,,,,,,,,,4.0,160,1600,0.8,723,160,18.6,52,1140,74.0,21.7,977.3,,,,,1002.8,13.8,9.9,,,,,,,,,2.8,0.8,28.1,15.1,28.5,27.9,25.9,25.0,23.9,22.7,,,,3.7,6.7,,{박무}0410-0815.,
284,거창,1989-08-07,23.8,21.3,0430,27.6,1245,0.0,,0.0,,0.55,0.0,,,,3.5,160,1330,0.8,675,160,20.4,69,1230,81.0,23.9,978.8,,,,,1004.4,13.8,3.7,,,,,,,,,10.0,3.0,26.4,20.6,26.8,26.7,26.0,25.2,24.1,22.7,,,,1.6,2.1,0.0,{비}1815-1848.  {박무}0415-{박무}{강도0}0900-{박무}{강도0}1500-{박무}{강도0}2100-{박무}{강도0}2400-,
284,거창,1989-08-08,25.2,21.6,2400,30.6,1735,,,,,,,,,,1.5,320,2200,0.3,258,230,21.1,60,1450,78.5,25.0,980.7,,,,,1006.2,13.7,6.8,,,,,,,,,7.5,1.8,27.5,19.3,27.6,27.2,25.8,25.0,23.9,22.6,,,,2.4,3.9,,-{박무}-{박무}{강도1}0300-{박무}{강도0}0900-1140.  {박무}2135-{박무}{강도0}2400-,
284,거창,1989-08-09,24.7,18.8,2400,32.8,1550,,,,,,,,,,3.0,270,1400,0.9,777,270,18.8,44,1600,72.0,21.7,981.8,,,,,1007.4,13.7,10.2,,,,,,,,,2.5,1.0,29.7,15.8,28.4,28.0,26.0,25.2,24.0,22.5,,,,4.3,6.2,,-{박무}-{박무}{강도0}0300-{박무}{강도0}0900-1015.,
284,거창,1989-08-10,22.4,15.3,0600,31.2,1435,,,,,,,,,,2.5,200,1520,0.4,351,290,16.7,46,1515,72.0,19.1,982.9,,,,,1008.7,13.7,10.7,,,,,,,,,4.0,0.0,28.5,12.9,27.6,27.2,26.0,25.2,24.2,22.6,,,,3.3,5.2,,{박무}0220-{박무}{강도0}0300-{시정(미만)}{1km}{안개}0620-{시정(이상)}{1km}{박무}0715-0820.  {달무리}2030-2115.,0.92
284,거창,1989-08-11,22.8,16.5,0515,30.9,1550,,,,,,,,,,3.5,200,1430,0.7,579,200,18.4,57,1550,77.8,21.4,979.7,,,,,1005.4,13.7,9.0,,,,,,,,,4.0,2.0,28.5,14.3,27.4,27.1,26.1,25.2,24.0,22.5,,,,2.9,4.9,,{박무}0510-{시정(미만)}{1km}{안개}0610-{시정(미만)}{0.5km}{안개}0630-{시정(이상)}{0.5km}{안개}0748-{시정(이상)}{1km}{박무}0810-{박무}{강도0}0900-1020.,2.0
284,거창,1989-08-12,25.4,20.5,0550,31.2,1410,,,,,,,,,,2.5,200,1200,0.6,522,200,20.7,60,1150,76.0,24.5,977.9,,,,,1003.3,13.6,6.0,,,,,,,,,6.3,2.8,28.9,19.1,28.1,27.9,26.3,25.5,24.3,22.5,,,,2.7,3.6,,,
284,거창,1989-08-13,26.8,23.0,0500,34.1,1455,10.0,1925,28.5,1900,1.22,28.5,,,,3.5,180,1920,0.7,612,180,21.6,51,1455,75.0,25.9,978.5,,,,,1003.8,13.6,8.2,,,,,,,,,6.8,3.8,31.7,22.5,29.9,29.4,27.0,26.0,24.4,22.7,,,,2.4,3.4,28.5,{소나기}1850-2003.  {뇌전}{강도0}(S 5-8)1940-2005.,
284,거창,1989-08-14,25.6,19.6,2400,30.6,1400,,,,,,,,,,4.5,180,1340,1.0,900,160,20.0,58,1500,71.8,23.6,983.1,,,,,1008.6,13.6,7.0,,,,,,,,,5.5,3.0,28.6,17.3,28.6,28.1,27.2,26.3,24.9,22.9,,,,3.8,5.8,,{박무}0125-{박무}{강도0}0300-{박무}{강도0}0900-1025.,
284,거창,1989-08-15,22.2,15.3,0600,28.7,1420,,,,,,,,,,4.0,110,1600,0.9,810,110,16.2,49,1350,69.8,18.4,984.2,,,,,1010.1,13.5,11.5,,,,,,,,,0.5,0.5,25.8,13.6,26.1,26.3,26.2,25.7,24.9,23.0,,,,4.3,6.1,,{박무}0120-{박무}{강도0}0300-0715.,
284,거창,1989-08-16,21.9,14.6,0600,27.6,1205,,,,,,,,,,4.0,90,1100,1.0,876,90,16.3,53,1010,71.0,18.6,983.6,,,,,1009.5,13.5,10.5,,,,,,,,,2.5,2.5,24.3,13.0,24.9,25.0,25.5,25.1,24.4,23.0,,,,2.9,4.9,,,
284,거창,1989-08-17,22.4,14.8,0430,28.7,1345,,,,,,,,,,3.0,110,1200,0.7,564,110,16.6,54,1300,70.0,18.9,984.0,,,,,1009.9,13.5,9.6,,,,,,,,,3.8,2.8,26.2,14.1,26.3,26.1,25.4,24.8,24.3,23.0,,,,3.4,5.3,0.5,,
284,거창,1989-08-18,22.9,19.6,2355,27.7,1610,0.5,,0.5,505,0.72,0.5,,,,2.5,360,1120,0.6,525,50,18.1,60,1500,74.5,20.7,984.7,,,,,1010.5,13.4,7.0,,,,,,,,,7.8,3.0,26.3,18.0,26.7,26.4,25.6,25.0,24.3,23.0,,,,2.3,4.0,,{비}0505-0548.,
284,거창,1989-08-19,23.9,17.1,0610,29.0,1230,,,,,,,,,,3.0,160,1310,0.8,696,160,18.4,56,1205,72.3,21.3,985.3,,,,,1011.1,13.4,8.8,,,,,,,,,6.0,2.3,29.9,16.2,27.2,26.9,25.7,25.0,24.3,23.0,,,,3.0,5.2,0.1,{박무}0045-{박무}{강도0}0300-{박무}{강도0}0900-0925.,
284,거창,1989-08-20,24.0,21.8,0630,27.5,1600,3.0,1420,6.5,1410,2.27,7.6,,,,3.0,140,1150,0.7,639,140,20.8,75,1220,82.3,24.6,984.9,,,,,1010.7,13.4,2.8,,,,,,,,,8.3,6.3,26.3,20.7,26.2,26.3,26.2,25.4,24.7,23.1,,,,0.8,1.3,8.7,{비}0742-0805.  {비}1235-1350.  {소나기}1410-1435.  {소나기}1455-{소나기}{강도0}1500-1508.,
284,거창,1989-08-21,22.7,20.8,2400,25.4,0905,12.5,1240,26.5,1230,14.5,85.3,,,,2.0,110,0930,0.4,342,180,20.2,83,0835,85.5,23.7,986.0,,,,,1011.9,13.3,0.0,,,,,,,,,9.5,5.5,23.6,20.6,24.1,24.3,25.1,24.9,24.6,23.3,,,,0.2,0.3,84.8,{비}0545-0640.  {비}0755-{비}{강도0}0900-{소나기}0915-{비}0945-{소나기}1030-{소나기}{강도1}1500-{비}1515-1850.  {비}2030-{비}{강도0}2100-2310.  {뇌전}{강도0}(SW 3-5)0915-0943.  {뇌전}{강도0}(SW 1-2)1030-{뇌전}{강도1}(SW{이동}S 3-5)1220-{뇌전}{강도1}(S{이동}SE 3-5)1310-{뇌전}{강도0}(SE 3-5)1500-1515.,
284,거창,1989-08-22,21.9,20.8,0000,23.1,1430,8.0,1010,15.5,1010,17.2,66.5,,,,2.0,110,1520,0.2,132,180,19.2,84,0900,84.8,22.3,987.6,,,,,1013.6,13.3,0.0,,,,,,,,,10.0,7.3,22.5,20.6,22.8,23.0,23.7,23.7,23.8,23.1,,,,0.2,0.3,65.8,{비}0030-0120.  {비}0540-0715.  {비}0855-{비}{강도0}0900-{비}{강도1}1500-{소나기}1508-{비}1525-{비}{강도0}2100-2342.  {뇌전}{강도0}(SE 4-6)1508-{뇌전}{강도1}(S 5-6)1518-1525.  {박무}2330-{박무}{강도0}2400-,
284,거창,1989-08-23,23.0,21.6,0600,27.8,1230,7.0,1450,25.0,1430,3.58,28.1,,,,3.0,140,1400,0.4,372,180,20.3,67,1220,85.0,23.9,988.0,,,,,1013.8,13.3,3.9,,,,,,,,,9.8,6.0,24.7,20.8,24.8,24.6,24.0,23.6,23.4,23.0,,,,2.4,3.9,28.1,-{박무}-{박무}{강도0}0000-0840.  {소나기}1410-{소나기}{강도1}1500-{비}1540-1745.,
284,거창,1989-08-24,23.0,16.8,2400,27.8,1505,,,,,,,,,,3.5,140,1410,1.1,918,50,17.6,58,1500,72.3,20.2,989.3,,,,,1015.2,13.2,7.1,,,,,,,,,5.3,3.8,25.6,15.0,24.9,25.2,24.7,24.1,23.8,22.9,,,,3.0,5.0,,,
284,거창,1989-08-25,20.8,14.6,0600,27.7,1435,,,,,,,,,,2.5,160,1510,0.5,456,140,16.0,59,1435,75.0,18.2,987.6,,,,,1013.7,13.2,7.7,,,,,,,,,3.8,2.5,23.0,13.1,23.4,23.6,24.0,23.8,23.5,22.9,,,,2.0,3.7,,,
284,거창,1989-08-26,23.2,18.4,0610,29.1,1400,,,,,,,,,,3.5,160,1440,0.6,507,70,18.2,59,1325,73.8,21.0,983.0,,,,,1008.8,13.2,9.1,,,,,,,,,5.0,5.0,26.5,17.1,25.6,25.3,24.4,23.9,23.4,22.9,,,,2.7,5.4,,{박무}0530-0820.  {천둥}{강도0}(W)1625-1645.,
284,거창,1989-08-27,23.4,17.6,0630,30.5,1600,,,,,,,,,,3.0,50,1240,0.5,462,320,17.9,49,1330,71.8,20.5,977.2,,,,,1002.8,13.1,8.9,,,,,,,,,5.3,3.0,26.3,15.6,25.4,25.5,25.1,24.4,23.5,22.9,,,,3.0,5.7,,{번개}{강도0}(SW)2110-2115.  {박무}2315-{박무}{강도0}2400-,
284,거창,1989-08-28,23.4,18.0,0600,31.6,1540,,,,,,,,,,1.5,250,1600,0.4,345,320,18.3,47,1510,74.5,21.0,980.3,,,,,1006.1,13.1,10.0,,,,,,,,,1.0,1.0,26.5,16.2,26.1,26.3,25.4,24.8,24.0,22.9,,,,3.0,6.0,,-{박무}-{박무}{강도0}0300-{박무}{강도0}0900-0945.,
284,거창,1989-08-29,20.9,17.8,0340,24.0,1430,8.5,2100,30.5,2045,8.93,64.1,,,,3.0,160,1700,0.3,279,160,18.1,77,1400,83.8,20.8,979.2,,,,,1005.0,13.0,0.0,,,,,,,,,7.0,4.8,22.6,16.1,22.8,23.5,24.6,24.5,24.2,23.0,,,,0.7,1.2,64.6,{박무}0110-{박무}{강도0}0300-{박무}{강도0}0900-1330.  {비}1105-1240.  {비}1515-{소나기}2040--{소나기}{강도1}2100-{비}2145-2236.  {뇌전}{강도0}(NW 3-4)2028-{뇌전}{강도0}(NW{이동}W 3-4)2051-{뇌전}{강도1}(W 2-3)2100-2126.,
284,거창,1989-08-30,22.0,20.8,0300,26.0,1305,0.5,,0.5,,6.28,1.2,,,,4.5,270,1840,1.8,1548,270,17.6,63,1950,76.5,20.2,974.1,,,,,999.8,13.0,6.0,,,,,,,,,8.3,6.0,23.8,17.8,23.8,24.0,24.1,23.7,23.4,23.0,,,,1.6,2.7,0.7,{비}1618-{비}{강도0}0900-1235.,
284,거창,1989-08-31,22.8,15.7,0600,31.0,1305,,,,,,,,,,3.0,270,1320,0.5,405,250,17.7,48,1305,73.8,20.4,981.9,,,,,1007.6,13.0,8.0,,,,,,,,,4.5,2.0,24.6,13.7,24.4,24.3,24.1,23.6,23.6,22.9,,,,2.5,4.7,,,
284,거창,1989-09-01,21.9,18.1,0415,28.7,1445,0.0,,0.0,,0.22,0.0,,,,4.0,360,1700,0.4,339,340,17.4,52,1320,76.8,19.9,980.1,,,,,1005.8,12.9,5.7,,,,,,,,,6.0,3.0,24.0,15.8,24.6,24.7,24.5,24.0,23.7,22.8,,,,2.0,3.9,0.0,{박무}0105-{박무}{강도0}0300-{박무}{강도0}0900-1050.  {소나기}1625-1638.  {박무}2240-{박무}{강도0}2400-,
284,거창,1989-09-02,19.1,13.5,2400,26.9,1630,,,,,,,,,,4.0,270,1430,0.8,654,290,13.8,45,1720,73.3,15.9,978.6,,,,,1004.7,12.9,8.3,,,,,,,,,4.3,3.0,21.9,10.8,22.4,23.0,24.1,23.8,23.4,22.7,,,,2.6,4.9,,-{박무}-{박무}{강도1}0300-{시정(미만)}{1km}{안개}0335-{시정(미만)}{0.5km}{안개}0420-{시정(미만)}{0.2km}{안개}0450-{시정(미만)}{0.1km}{안개}0530-{시정(이상)}{0.1km}{안개}0615-{시정(이상)}{0.2km}{안개}0645-{시정(이상)}{0.5km}{안개}0718-{안개}{강도0}0900-{시정(이상)}{1km}{박무}0915-1035.,5.67
284,거창,1989-09-03,17.8,10.8,0600,26.2,1400,,,,,,,,,,4.0,290,1250,0.8,675,290,12.4,42,1325,72.5,14.5,977.2,,,,,1003.4,12.9,9.5,,,,,,,,,0.8,0.8,22.3,8.1,21.3,21.8,23.0,23.0,23.1,22.7,,,,2.8,5.3,,{박무}0630-0820.,
284,거창,1989-09-04,18.4,12.8,0420,26.7,1140,,,,,,,,,,3.0,160,1400,0.6,525,160,14.1,46,1300,77.3,16.2,980.3,,,,,1006.5,12.8,7.4,,,,,,,,,4.3,3.0,22.0,11.0,22.5,23.0,23.0,22.9,22.8,22.7,,,,2.2,4.7,,{박무}0050-{박무}{강도0}0300-{시정(미만)}{1km}{안개}0450-{시정(미만)}{0.5km}{안개}0525-{시정(미만)}{0.2km}{안개}0545-{시정(이상)}{0.2km}{안개}0807-{시정(이상)}{0.5km}{안개}0832-{시정(이상)}{1km}{박무}0853-{박무}{강도2}0900-1015.,4.05
284,거창,1989-09-05,20.8,16.6,0500,27.8,1315,,,,,,,,,,2.5,200,1410,0.5,453,160,16.0,43,1315,75.3,18.3,982.6,,,,,1008.7,12.8,5.8,,,,,,,,,7.3,5.0,23.9,16.2,24.0,24.2,23.9,23.3,22.7,22.5,,,,2.1,4.4,,{박무}0450-0840.,
284,거창,1989-09-06,20.3,15.4,0450,27.4,1615,,,,,,,,,,2.0,90,1500,0.3,252,90,16.0,53,1545,77.5,18.2,986.4,,,,,1012.6,12.8,7.7,,,,,,,,,3.0,2.5,23.0,13.5,23.1,23.4,23.6,23.3,22.9,22.6,,,,1.8,3.2,,{박무}0415-{시정(미만)}{1km}{안개}0550-{시정(미만)}{0.5km}{안개}0620-{시정(미만)}{0.2km}{안개}0643-{시정(이상)}{0.2km}{안개}0720-{시정(이상)}{0.5km}{안개}0738-{시정(이상)}{1km}{박무}0830-{박무}{강도0}0900-1032.  {박무}2230-{박무}{강도0}2400-,2.67
284,거창,1989-09-07,20.3,14.8,0430,28.0,1355,,,,,,,,,,3.5,110,1230,0.6,540,70,16.2,55,1345,78.5,18.6,988.9,,,,,1015.1,12.7,6.7,,,,,,,,,6.3,5.5,23.2,13.0,23.8,23.8,23.4,23.1,22.9,22.5,,,,2.1,3.8,,-{박무}-{시정(미만)}{1km}{안개}0025-{시정(미만)}{0.5km}{안개}0140-{안개}{강도1}0300-{시정(미만)}{0.2km}{안개}0350-{시정(미만)}{0.1km}{안개}0545-{시정(이상)}{0.1km}{안개}0805-{시정(이상)}{0.2km}{안개}0819-{시정(이상)}{0.5km}{안개}0834-{시정(이상)}{1km}{박무}0848-{박무}{강도2}0900-1040.,8.38
284,거창,1989-09-08,20.4,17.8,0230,25.7,1045,2.5,1345,7.0,1335,10.92,29.6,,,,2.5,180,1200,0.5,390,320,17.5,65,1100,83.5,20.0,988.0,,,,,1014.2,12.7,3.0,,,,,,,,,7.8,3.8,22.6,15.2,22.7,23.0,23.6,23.3,22.9,22.5,,,,0.3,0.5,47.5,{박무}0425-0835.  {비}1305-{비}{강도0}1500-{비}{강도0}2100-{비}{강도1}2400-,
284,거창,1989-09-09,19.0,17.8,0600,20.3,1500,2.5,340,6.5,330,21.5,29.4,,,,2.5,20,0220,0.3,282,320,16.6,83,0230,85.8,18.9,986.2,,,,,1012.4,12.7,0.0,,,,,,,,,10.0,4.8,20.9,17.6,21.1,21.5,22.4,22.4,22.8,22.5,,,,0.2,0.3,11.5,-{비}-{비}{강도0}0300-{비}{강도0}0900-{비}{강도0}1500-{비}{강도0}2100-2130.  {박무}1220-{박무}{강도0}1500-{박무}{강도1}2100-{박무}{강도1}2400-,
284,거창,1989-09-10,21.1,18.7,0300,25.1,1600,0.5,,1.3,2300,3.43,2.7,,,,4.0,160,1620,0.7,633,160,17.6,69,1500,80.8,20.2,985.2,,,,,1011.2,12.6,3.7,,,,,,,,,9.0,5.0,23.2,18.5,22.6,22.5,22.5,22.3,22.5,22.5,,,,0.3,0.5,28.7,-{박무}-{박무}{강도0}0300-0525.  {비}2034-{비}{강도0}2100-{비}{강도0}2400-,
284,거창,1989-09-11,20.5,18.6,0740,23.4,1550,3.5,525,10.0,445,10.8,26.6,,,,1.5,360,0640,0.3,285,360,17.8,72,1555,84.3,20.4,981.8,,,,,1007.8,12.6,1.2,,,,,,,,,10.0,6.3,22.1,18.1,22.4,22.6,22.8,22.6,22.4,22.3,,,,0.6,0.8,0.6,-{비}-{비}{강도0}0300-{비}{강도0}0900-1048.  {박무}0040-{박무}{강도0}0300-{박무}{강도0}0900-0955.,
284,거창,1989-09-12,20.7,16.6,2400,25.8,1230,,,,,,,,,,3.5,160,1410,0.7,639,160,16.3,61,1240,76.5,18.6,980.9,,,,,1006.9,12.5,5.9,,,,,,,,,7.0,4.5,23.3,14.9,22.6,22.5,22.8,22.5,22.5,22.5,,,,1.6,2.4,1.1,,
284,거창,1989-09-13,19.1,16.5,0030,21.3,1345,2.5,2040,10.0,2020,16.08,39.6,,,,1.5,360,1530,0.3,219,20,16.6,81,1250,85.5,18.9,984.2,,,,,1010.4,12.5,0.0,,,,,,,,,10.0,6.3,20.7,14.8,21.1,21.5,22.3,22.4,22.5,22.4,,,,0.1,0.2,60.2,{비}0755-{비}{강도0}0900-{비}{강도0}1500-{비}{강도1}2100-{비}{강도1}2400-  {박무}0115-{박무}{강도0}0300-{박무}{강도0}0900-{박무}{강도0}1500-{박무}{강도1}2100-{박무}{강도1}2400-,
284,거창,1989-09-14,19.5,17.6,0330,21.6,1600,2.5,130,9.5,50,12.95,22.2,,,,2.0,20,2100,0.4,318,160,16.7,78,1400,83.8,19.0,987.1,,,,,1013.4,12.5,0.5,,,,,,,,,10.0,4.8,21.1,17.4,21.2,21.4,21.7,21.8,21.9,22.2,,,,0.9,1.5,19.4,-{비}-{비}{강도0}0300-0850.  {비}1953-{비}{강도0}2100-{비}{강도0}2400-  -{박무}-{박무}{강도0}0300-{박무}{강도0}0900-1125.,
284,거창,1989-09-15,20.0,18.9,0300,21.5,1240,4.5,210,10.5,1220,12.05,40.1,,,,2.5,320,1120,0.3,264,320,17.6,83,1230,86.0,20.1,990.0,,,,,1016.2,12.4,0.2,,,,,,,,,9.8,6.3,21.5,18.8,21.2,21.4,21.8,21.8,21.9,22.2,,,,0.3,0.5,22.3,-{비}-{비}{강도0}0300-0340.  {비}0610-0730.  {비}0820-0847.  {비}1042-{비}{강도0}1500-1718.{무지개}0837-0845.,
284,거창,1989-09-16,20.6,19.6,0630,22.8,1445,0.5,,1.0,1720,9.0,4.9,,,,1.0,180,1500,0.1,117,290,17.7,75,1340,83.8,20.3,993.1,,,,,1019.4,12.4,0.2,,,,,,,,,10.0,5.5,21.8,19.4,21.9,21.9,21.8,21.7,21.9,21.9,,,,0.1,0.3,4.5,{비}0150-{비}{강도0}0300-0455.  {비}1015-1120.  {비}1455-{비}{강도0}1500-1650.  {비}1720-2015.,
284,거창,1989-09-17,21.2,19.5,0630,24.4,1530,2.5,950,7.5,920,9.43,15.8,,,,3.0,180,1630,0.8,648,270,18.5,75,1815,84.8,21.4,984.9,,,,,1010.8,12.4,1.2,,,,,,,,,9.3,5.3,21.7,19.3,22.0,22.1,22.1,21.9,21.7,21.8,,,,0.5,0.8,15.1,{비}0540-{비}{강도0}0900-1050.  {비}1202-{비}{강도1}1500-1550.  {비}1615-1643.  {박무}0025-{박무}{강도0}0300-{박무}{강도0}0900-1020.,
284,거창,1989-09-18,21.2,18.1,0500,27.3,1355,,,,,,,,,,4.0,160,1520,0.8,693,160,17.4,49,1355,79.8,20.0,984.0,,,,,1010.0,12.3,6.5,,,,,,,,,8.3,5.3,23.0,16.8,23.1,23.0,22.5,22.1,22.0,21.8,,,,2.0,3.5,,,
284,거창,1989-09-19,19.8,13.4,2400,26.5,1235,,,,,,,,,,4.5,20,1300,1.1,915,20,14.7,49,1500,73.8,16.8,983.4,,,,,1009.4,12.3,8.1,,,,,,,,,6.5,5.3,21.6,9.3,22.3,22.5,22.8,22.4,22.1,21.8,,,,3.4,4.5,,{박무}0030-{박무}{강도1}0300-{시정(미만)}{1km}{안개}0610-{안개}{강도0}0900-{시정(이상)}{1km}{박무}0920-1010.,3.17
284,거창,1989-09-20,15.6,7.7,0605,23.5,1415,,,,,,,,,,2.0,180,1500,0.5,441,160,8.5,36,1500,65.8,11.2,989.1,,,,,1015.8,12.2,9.8,,,,,,,,,4.8,2.5,19.6,5.1,19.4,19.6,21.2,21.6,21.6,21.7,,,,2.3,4.0,0.0,,
284,거창,1989-09-21,15.7,13.5,0500,18.2,1500,0.5,,0.5,2205,6.33,1.1,,,,1.5,180,1410,0.3,228,160,12.9,77,1200,83.3,14.9,988.8,,,,,1015.5,12.2,0.0,,,,,,,,,10.0,5.3,17.7,13.4,18.2,18.8,20.6,21.0,21.6,21.8,,,,0.3,0.6,1.3,{비}0708-0830.  {비}1527-1605.  {비}1720-1945.  {비}2205-{비}{강도0}2400-  {박무}1750-{박무}{강도0}2100-{박무}{강도0}2400-,
284,거창,1989-09-22,18.8,14.5,0500,25.8,1450,0.1,,0.2,200,2.58,0.2,,,,3.0,50,1310,0.7,633,50,13.7,45,1500,74.8,15.7,988.6,,,,,1014.9,12.2,7.4,,,,,,,,,5.8,4.8,21.3,12.3,21.0,20.8,20.8,20.8,21.1,21.6,,,,2.0,4.1,,-{비}-0235.  -{박무}-{박무}{강도0}0300-0520.,
284,거창,1989-09-23,17.8,13.7,0615,26.3,1430,,,,,,,,,,3.5,160,1520,0.5,453,160,13.0,44,1425,76.5,15.0,993.5,,,,,1020.0,12.1,6.2,,,,,,,,,5.8,5.8,20.2,11.5,21.1,21.3,21.4,21.3,21.1,21.3,,,,2.1,3.8,,{박무}0035-{시정(미만)}{1km}{안개}0215-{안개}{강도0}0300-{시정(미만)}{0.5km}{안개}0420-{시정(미만)}{0.2km}{안개}0505-{시정(미만)}{0.1km}{안개}0540-{시정(이상)}{0.1km}{안개}0710-{시정(이상)}{0.2km}{안개}0743-{시정(이상)}{0.5km}{안개}0835-{안개}{강도0}0900-{시정(이상)}{1km}{박무}0925-1010.,7.17
284,거창,1989-09-24,18.8,14.4,0700,27.6,1350,,,,,,,,,,4.0,230,1410,0.6,513,230,13.3,40,1440,74.3,15.3,990.1,,,,,1016.5,12.1,6.7,,,,,,,,,7.0,5.5,20.9,11.8,21.5,21.7,21.5,21.4,21.5,21.4,,,,2.4,4.3,,{박무}0140-{박무}{강도0}0300-{시정(미만)}{1km}{안개}0450-{시정(미만)}{0.5km}{안개}0605-{시정(미만)}{0.2km}{안개}0644-{시정(미만)}{0.1km}{안개}0655-{시정(이상)}{0.1km}{안개}0725-{시정(이상)}{0.2km}{안개}0808-{시정(이상)}{0.5km}{안개}0835-{안개}{강도0}0900-{시정(이상)}{1km}{박무}0935-1025.,4.75
284,거창,1989-09-25,19.2,10.6,2400,26.9,1515,,,,,,,,,,2.5,20,1310,0.6,495,270,12.9,32,1435,70.5,15.1,988.2,,,,,1014.5,12.1,6.6,,,,,,,,,7.5,2.8,21.2,7.6,21.7,22.0,21.9,21.7,21.6,21.4,,,,2.2,3.8,,,
284,거창,1989-09-26,15.5,7.4,0640,24.2,1355,,,,,,,,,,3.5,160,1210,0.8,723,160,11.2,54,1500,76.3,13.6,990.6,,,,,1017.3,12.0,8.3,,,,,,,,,6.0,1.8,19.2,5.2,19.3,20.0,20.7,21.0,21.1,21.3,,,,2.4,3.8,0.5,{박무}0340-{시정(미만)}{1km}{안개}0645-{시정(미만)}{0.5km}{안개}0710-{시정(미만)}{0.2km}{안개}0740-{시정(이상)}{0.2km}{안개}0805-{시정(이상)}{0.5km}{안개}0815-{시정(이상)}{1km}{박무}0835-0855.,1.83
284,거창,1989-09-27,19.8,16.9,2400,25.2,1350,2.0,1420,5.9,1352,3.92,6.4,,,,5.0,270,2040,0.9,774,270,16.4,65,2310,81.0,18.8,984.1,,,,,1010.3,12.0,1.8,,,,,,,,,8.8,5.3,20.5,15.0,21.1,21.3,21.3,21.3,21.1,21.3,,,,0.9,1.5,5.9,{비}0630-{비}{강도0}0900-0932.  {비}1352-1445.,
284,거창,1989-09-28,17.7,12.5,2400,23.1,1350,,,,,,,,,,3.0,270,1620,0.8,696,270,11.3,42,1315,67.3,13.4,987.2,,,,,1013.6,11.9,5.9,,,,,,,,,4.3,2.3,18.6,9.0,19.2,19.7,20.8,21.0,21.3,21.3,,,,2.1,3.0,,,
284,거창,1989-09-29,15.3,8.9,0600,24.2,1430,,,,,,,,,,3.0,180,1650,0.6,480,180,8.7,31,1400,68.5,11.3,992.8,,,,,1019.6,11.9,10.6,,,,,,,,,0.5,0.5,18.5,5.4,18.6,18.8,20.0,20.3,20.6,21.1,,,,3.2,4.6,,,
284,거창,1989-09-30,13.7,8.3,0410,25.1,1445,,,,,,,,,,2.5,180,1310,0.5,444,270,7.3,29,1510,71.0,10.2,991.8,,,,,1018.6,11.9,8.2,,,,,,,,,2.8,2.8,17.2,6.3,17.9,18.4,19.6,20.0,20.4,21.1,,,,2.6,4.4,,{박무}0120-{박무}{강도1}0300-{시정(미만)}{1km}{안개}0410-{시정(미만)}{0.5km}{안개}0450-{시정(미만)}{0.2km}{안개}0530-{시정(미만)}{0.1km}{안개}0640-{시정(이상)}{0.1km}{안개}0830-{시정(이상)}{0.2km}{안개}0850-{안개}{강도1}0900-{시정(이상)}{1km}{박무}0948-1035.,5.63
284,거창,1989-10-01,14.4,6.5,0530,24.4,1550,,,,,,,,,,2.5,140,1400,0.6,498,90,8.8,40,1400,72.3,11.5,990.7,,,,,1017.6,11.8,8.4,,,,,,,,,1.3,1.3,17.3,3.8,17.6,17.9,19.1,19.6,20.1,20.9,,,,1.8,4.0,,,
284,거창,1989-10-02,14.9,9.5,0635,23.0,1325,,,,,,,,,,3.5,20,1500,0.8,726,50,9.8,44,1350,72.5,12.2,993.7,,,,,1020.6,11.8,8.0,,,,,,,,,2.5,2.5,17.3,6.3,18.1,18.7,19.4,19.6,19.8,20.6,,,,1.6,4.0,,,
284,거창,1989-10-03,15.8,8.8,0650,22.9,1350,,,,,,,,,,3.0,110,1800,0.9,741,110,10.0,48,1415,69.5,12.3,995.4,,,,,1022.2,11.8,8.1,,,,,,,,,3.3,3.3,18.7,5.9,18.4,18.6,19.2,19.5,19.9,20.6,,,,1.7,3.6,,,
284,거창,1989-10-04,13.4,7.6,0550,23.2,1420,,,,,,,,,,2.5,160,1450,0.5,474,160,8.6,42,1430,75.5,11.2,994.2,,,,,1021.3,11.7,9.0,,,,,,,,,1.5,1.5,17.7,4.6,17.8,18.3,19.2,19.4,19.8,20.5,,,,1.7,4.3,,{박무}0130-{박무}{강도0}0300-{시정(미만)}{1km}{안개}0605-{시정(미만)}{0.5km}{안개}0627-{시정(미만)}{0.2km}{안개}0650-{시정(이상)}{0.2km}{안개}0825-{시정(이상)}{0.5km}{안개}0846-{시정(이상)}{1km}{박무}0855-{박무}{강도2}0900-0925.,2.83
284,거창,1989-10-05,13.8,9.4,0605,21.0,1430,,,,,,,,,,1.0,50,1100,0.2,153,140,9.5,52,1500,76.8,11.9,991.1,,,,,1018.0,11.7,3.4,,,,,,,,,6.3,3.0,16.2,6.6,17.0,17.4,18.8,19.1,19.6,20.3,,,,0.8,1.8,,{박무}0450-{시정(미만)}{1km}{안개}0625-{시정(미만)}{0.5km}{안개}0720-{시정(이상)}{0.5km}{안개}0750-{시정(이상)}{1km}{박무}0830-{박무}{강도0}0900-0935.,2.08
284,거창,1989-10-06,13.2,7.8,2400,22.8,1325,,,,,,,,,,3.5,320,1430,0.8,714,320,7.7,39,1320,71.3,10.5,990.2,,,,,1017.1,11.7,8.7,,,,,,,,,5.0,4.0,16.3,4.7,16.9,17.3,18.5,18.8,19.5,20.3,,,,1.8,3.8,,{박무}0420-{시정(미만)}{1km}{안개}0510-{시정(미만)}{0.5km}{안개}0608-{시정(미만)}{0.2km}{안개}0625-{시정(미만)}{0.1km}{안개}0635-{시정(이상)}{0.1km}{안개}0740-{시정(이상)}{0.2km}{안개}0818-{시정(이상)}{0.5km}{안개}0845-{안개}{강도0}0900-{시정(이상)}{1km}{박무}0920-0953.,4.17
284,거창,1989-10-07,11.1,4.8,2400,18.1,1340,,,,,,,,,,4.5,360,1340,1.3,1128,340,3.2,32,1300,60.8,7.7,989.6,,,,,1016.7,11.6,10.0,,,,,,,,,0.0,0.0,15.3,1.0,15.0,15.6,17.6,18.2,18.8,19.9,,,,2.2,4.8,,,
284,거창,1989-10-08,9.9,2.4,0640,19.1,1455,,,,,,,,,,3.0,360,1240,0.6,492,230,3.5,39,1645,67.5,7.9,992.4,,,,,1019.7,11.6,10.3,,,,,,,,,0.0,0.0,14.2,-0.9,14.0,14.4,16.8,17.4,18.1,19.8,,,,1.7,3.7,,,
284,거창,1989-10-09,8.4,0.7,0540,20.7,1420,,,,,,,,,,2.5,200,1500,0.5,396,200,2.8,28,1400,74.3,7.5,996.3,,,,,1023.9,11.5,8.4,,,,,,,,,3.3,2.5,13.1,-2.4,13.9,14.3,16.1,16.9,17.6,19.5,,,,1.3,3.8,,{박무}0530-{시정(미만)}{1km}{안개}0615-{시정(미만)}{0.5km}{안개}0650-{시정(미만)}{0.2km}{안개}0710-{시정(미만)}{0.1km}{안개}0725-{시정(이상)}{0.1km}{안개}0825-{시정(이상)}{0.2km}{안개}0845-{안개}{강도1}0900-{시정(이상)}{0.5km}{안개}0910-{시정(이상)}{1km}{박무}0925-1010.,3.17
284,거창,1989-10-10,10.1,3.3,0400,18.0,1555,,,,,,,,,,1.5,160,1600,0.2,177,90,7.0,60,1400,81.8,10.3,993.7,,,,,1021.1,11.5,2.5,,,,,,,,,8.8,2.0,13.1,0.2,13.6,13.7,15.7,16.7,17.5,19.2,,,,0.7,1.4,,{박무}0608-{박무}{강도1}0900-1050.,
284,거창,1989-10-11,13.7,9.1,0315,23.9,1345,6.5,1555,9.0,1542,0.88,9.0,,,,4.5,270,1610,0.5,456,160,9.8,50,1305,79.8,12.2,991.0,,,,,1017.9,11.5,6.3,,,,,,,,,4.0,4.0,16.6,5.4,16.6,16.7,16.8,17.0,17.1,18.8,,,,1.6,3.3,9.0,{소나기}1542-1635.  {박무}0145-{박무}{강도0}03000-{시정(미만)}{1km}{안개}0415-{시정(미만)}{0.5km}{안개}0420-{시정(미만)}{0.2km}{안개}0520-{시정(미만)}{0.1km}{안개}0605-{시정(이상)}{0.1km}{안개}0825-{시정(이상)}{0.2km}{안개}0850-{안개}{강도1}0900-{시정(이상)}{0.5km}{안개}0920-{시정(이상)}{1km}{박무}0940-1035.{뇌전}{강도0}(W 5-8)1545-{뇌전}{강도0}(W{이동}SW 5-8)1555-1620.  {무지개}1652-1708.  {박무}2010-{박무}{강도1}2100-{시정(미만)}{1km}{안개}2140-{시정(이상)}{1km}{박무}2220-{안개}{강도0}2400-,6.58
284,거창,1989-10-12,13.5,9.1,2400,20.8,1505,0.1,,0.1,1255,0.62,0.1,,,,4.0,290,1650,0.9,771,320,10.0,55,1700,79.8,12.5,990.8,,,,,1017.7,11.4,5.4,,,,,,,,,6.5,6.0,16.0,4.8,16.1,16.1,17.2,17.5,17.5,18.8,,,,0.7,1.9,0.1,-{안개}-{시정(미만)}{0.5km}{안개}0130-{안개}{강도1}0300-{시정(미만)}{0.2km}{안개}0330-{시정(미만)}{0.1km}{안개}0510-{시정(이상)}{0.1km}{안개}0815-{시정(이상)}{0.2km}{안개}0830-{안개}{강도1}0900-{시정(이상)}{0.5km}{안개}0955-{시정(이상)}{1km}{박무}1040-1145.  {비}1255-1332.,10.67
284,거창,1989-10-13,12.6,5.0,0600,21.5,1410,,,,,,,,,,5.0,360,1300,1.1,933,360,8.3,45,1200,76.8,11.0,993.7,,,,,1020.7,11.4,9.2,,,,,,,,,0.8,0.8,14.7,2.3,14.4,14.6,16.3,17.0,17.5,18.8,,,,1.8,4.1,,,
284,거창,1989-10-14,12.2,6.6,0330,23.2,1450,,,,,,,,,,2.5,180,1610,0.4,348,180,6.8,35,1440,74.3,9.9,995.5,,,,,1022.7,11.4,7.8,,,,,,,,,3.3,3.3,14.9,3.7,15.3,15.5,16.6,17.0,17.1,18.4,,,,1.4,3.5,,{박무}0025-{박무}{강도0}0300-{시정(미만)}{1km}{안개}0435-{시정(미만)}{0.5km}{안개}0510-{시정(미만)}{0.2km}{안개}0540-{시정(미만)}{0.1km}{안개}0550-{시정(이상)}{0.1km}{안개}0850-{안개}{강도2}0900-{시정(이상)}{0.2km}{안개}0910-{시정(이상)}{0.5km}{안개}0923-{시정(이상)}{1km}{박무}0940-1012.,5.08
284,거창,1989-10-15,12.5,6.2,0400,21.1,1515,,,,,,,,,,2.5,230,1500,0.3,249,320,8.7,56,1515,78.8,11.5,991.1,,,,,1018.1,11.3,3.9,,,,,,,,,8.0,3.3,14.4,3.5,14.5,14.7,16.2,16.7,17.1,18.3,,,,0.7,1.6,0.0,,
284,거창,1989-10-16,12.2,6.1,2400,16.7,1155,0.0,,0.0,,0.6,0.0,,,,6.0,270,1200,3.3,2814,270,6.1,45,1335,67.5,10.0,985.1,,,,,1012.1,11.3,5.3,,,,,,,,,7.0,3.0,14.0,2.0,14.8,15.6,16.6,16.9,17.4,18.4,,,,,3.6,,{비}0750-0826.,
284,거창,1989-10-17,6.2,-0.7,0615,13.4,1505,,,,,,,,,,3.5,50,1410,1.0,873,360,-3.1,25,1430,55.0,4.9,992.3,,,,,1020.0,11.2,10.2,,,,,,,,,0.0,0.0,10.5,-4.8,10.9,11.6,14.7,15.5,16.2,18.1,,,,,3.8,,,
284,거창,1989-10-18,7.3,-2.8,0635,18.2,1440,,,,,,,,,,2.0,110,1400,0.4,315,50,0.0,28,1500,65.3,6.2,994.7,,,,,1022.4,11.2,9.5,,,,,,,,,3.0,2.5,11.4,-5.4,10.9,11.3,13.4,14.5,15.5,17.8,,,,1.6,3.0,,,
284,거창,1989-10-19,9.2,4.4,2400,18.1,1400,,,,,,,,,,3.0,290,1500,0.4,342,160,4.6,40,1345,74.5,8.5,991.8,,,,,1019.2,11.2,4.0,,,,,,,,,7.0,3.3,11.6,0.3,12.7,13.1,14.4,15.0,15.6,17.8,,,,0.9,1.9,,,
284,거창,1989-10-20,8.6,1.7,0625,19.9,1350,,,,,,,,,,3.5,160,1520,0.6,501,140,3.3,29,1540,74.0,7.8,995.4,,,,,1023.0,11.1,8.3,,,,,,,,,2.5,2.5,12.0,-1.3,12.1,12.4,13.9,14.7,15.1,17.3,,,,1.7,3.4,,{박무}0608-{시정(미만)}{1km}{안개}0645-{시정(미만)}{0.5km}{안개}0715-{시정(미만)}{0.2km}{안개}0740-{시정(미만)}{0.1km}{안개}0810-{안개}{강도2}0900-{시정(이상)}{0.1km}{안개}0904-{시정(이상)}{0.2km}{안개}0915-{시정(이상)}{0.5km}{안개}0931-{시정(이상)}{1km}{박무}0941-1005.,2.93
284,거창,1989-10-21,8.9,0.6,0640,21.7,1430,,,,,,,,,,3.0,200,1430,0.5,462,50,3.3,33,1510,73.0,7.8,996.5,,,,,1024.1,11.1,8.6,,,,,,,,,2.8,2.8,12.3,-2.6,12.1,12.7,13.9,14.6,15.1,17.2,,,,1.6,3.5,,{박무}0025-{박무}{강도0}0300-{시정(미만)}{1km}{안개}0525-{시정(미만)}{0.5km}{안개}0610-{시정(미만)}{0.2km}{안개}0630-{시정(이상)}{0.2km}{안개}0825-{안개}{강도1}0900-{시정(이상)}{0.5km}{안개}0915-{시정(이상)}{1km}{박무}0930-0943.,4.08
284,거창,1989-10-22,9.9,0.3,0700,23.5,1425,,,,,,,,,,3.5,270,1540,0.7,579,270,2.9,24,1520,68.3,7.6,993.2,,,,,1020.6,11.1,8.9,,,,,,,,,1.3,1.3,12.3,-2.8,12.5,12.7,13.9,14.5,15.1,16.8,,,,1.8,3.9,,{땅안개}(E)0215-{땅안개}{강도0}0300-{시정(미만)}{1km}{낮은안개}0525-{시정(미만)}{0.5km}{낮은안개}0552-{시정(미만)}{0.2km}{낮은안개}0620-{시정(미만)}{0.1km}{낮은안개}0637-{시정(이상)}{0.1km}{낮은안개}0730-{시정(이상)}{0.2km}{낮은안개}0750-{시정(이상)}{0.5km}{낮은안개}0805-{시정(이상)}{1km}{박무}0822-{박무}{강도0}0900-0945.,2.95
284,거창,1989-10-23,10.7,2.1,2400,22.6,1430,,,,,,,,,,3.5,50,1500,0.7,609,20,0.1,9,1500,61.8,6.8,992.1,,,,,1019.3,11.0,9.9,,,,,,,,,1.0,0.0,13.0,-2.5,12.9,13.1,14.3,14.7,15.0,16.7,,,,,3.9,,{박무}0435-0805.,
284,거창,1989-10-24,9.3,-1.1,0640,23.5,1435,,,,,,,,,,3.0,160,1540,0.4,324,50,2.0,25,1400,66.8,7.2,994.1,,,,,1021.6,11.0,9.5,,,,,,,,,0.5,0.0,12.0,-4.1,11.7,11.9,13.6,14.3,14.9,16.7,,,,1.4,3.1,,,
284,거창,1989-10-25,10.5,1.1,0700,24.8,1420,,,,,,,,,,3.0,230,1440,0.4,327,250,4.0,27,1350,69.8,8.2,992.4,,,,,1019.7,11.0,9.5,,,,,,,,,0.0,0.0,12.8,-2.7,12.4,12.5,13.8,14.3,14.8,16.7,,,,1.6,3.4,,{땅안개}(E)0515-0840.,
284,거창,1989-10-26,11.8,4.0,0300,25.2,1405,,,,,,,,,,3.0,180,1510,0.4,336,20,5.8,32,1430,70.3,9.3,993.1,,,,,1020.3,10.9,8.6,,,,,,,,,1.5,0.0,13.4,0.4,13.3,13.1,14.2,14.5,14.6,16.7,,,,1.4,3.1,,{땅안개}(E)0505-0845.,
284,거창,1989-10-27,11.6,3.6,0500,23.1,1420,,,,,,,,,,3.5,140,1500,0.6,549,140,6.0,37,1300,72.3,9.6,992.0,,,,,1019.1,10.9,6.5,,,,,,,,,6.0,4.0,13.6,-0.3,13.6,13.6,14.3,14.6,14.6,16.5,,,,1.4,3.5,,,
284,거창,1989-10-28,13.4,5.9,2400,22.7,1320,,,,,,,,,,5.0,20,1400,1.0,876,20,6.5,28,1635,67.3,9.9,988.4,,,,,1015.2,10.9,7.5,,,,,,,,,4.0,2.3,15.1,0.7,15.3,15.4,15.4,15.4,15.3,16.3,,,,1.7,3.5,,{박무}0330-{박무}{강도0}0900-0950.,
284,거창,1989-10-29,9.8,1.6,0635,21.2,1400,,,,,,,,,,2.5,180,1630,0.4,354,20,3.4,30,1430,69.5,7.8,992.4,,,,,1019.8,10.8,9.1,,,,,,,,,0.0,0.0,12.2,-2.2,12.4,12.7,14.3,14.9,15.2,16.3,,,,1.8,3.2,,{박무}0510-0835.,
284,거창,1989-10-30,9.9,1.4,0720,20.9,1420,,,,,,,,,,3.5,160,1500,0.4,381,160,5.4,43,1410,76.0,9.1,991.1,,,,,1018.3,10.8,7.5,,,,,,,,,5.5,4.8,12.2,-1.7,12.2,12.4,13.7,14.4,14.8,16.2,,,,0.7,1.5,7.1,{박무}0510-{시정(미만)}{1km}{안개}0740-{시정(미만)}{0.5km}{안개}0810-{시정(미만)}{0.2km}{안개}0817-{시정(미만)}{0.1km}{안개}0822-{시정(이상)}{0.1km}{안개}0845-{시정(이상)}{0.2km}{안개}0850-{안개}{강도1}0900-{시정(이상)}{0.5km}{안개}0915-{시정(이상)}{1km}{박무}0933-1020.,1.88
284,거창,1989-10-31,12.5,10.2,0000,17.8,1245,1.5,740,5.0,700,5.53,7.3,,,,6.0,270,1730,1.5,1272,270,8.7,51,1120,78.0,11.3,981.1,,,,,1007.9,10.8,4.3,,,,,,,,,7.0,6.0,13.0,6.7,13.6,14.0,14.6,14.9,15.0,16.2,,,,1.0,1.8,0.2,{비}0425-0815.  {비}1305-1447.  {박무}0130-{박무}{강도0}0300-0825.,
284,거창,1989-11-01,11.5,3.8,2400,17.7,1300,,,,,,,,,,5.0,50,1600,1.7,1458,360,5.7,48,1505,68.5,9.2,989.1,,,,,1016.2,10.7,7.4,,,,,,,,,2.5,2.5,12.2,-0.7,12.3,12.8,14.2,14.8,14.8,15.9,,,,1.1,2.0,,,
284,거창,1989-11-02,7.6,0.6,0400,19.7,1450,,,,,,,,,,3.0,230,1800,0.4,306,230,2.1,35,1500,73.0,7.2,996.0,,,,,1023.8,10.7,7.6,,,,,,,,,2.8,2.5,9.8,-2.3,10.2,10.7,13.1,13.8,14.6,15.9,,,,1.0,2.5,,{박무}0130-{박무}{강도2}0300-{시정(미만)}{1km}{안개}0342-{시정(미만)}{0.5km}{안개}0620-{시정(미만)}{0.2km}{안개}0637-{시정(미만)}{0.1km}{안개}0642-{안개}{강도2}0000-{시정(이상)}{0.1km}{안개}0925-{시정(이상)}{0.2km}{안개}0945-{시정(이상)}{0.5km}{안개}1015-{시정(이상)}{1km}{박무}1028-1059.,6.77
284,거창,1989-11-03,10.2,4.1,0230,17.3,1515,0.0,,0.0,,0.22,0.0,,,,3.5,160,1540,0.4,369,230,6.3,52,1300,77.5,9.7,995.6,,,,,1023.1,10.7,2.2,,,,,,,,,8.8,3.5,11.2,0.2,11.1,11.2,12.8,13.5,14.3,15.9,,,,0.5,0.8,1.0,{비}1337-1350.  {박무}2240-{박무}{강도0}2400-,
284,거창,1989-11-04,12.3,10.5,0600,14.0,1700,0.5,,2.5,1000,19.05,8.6,,,,1.0,360,1830,0.1,72,50,10.4,86,1535,87.5,12.6,994.9,,,,,1022.0,10.6,0.0,,,,,,,,,10.0,4.0,13.1,9.7,12.9,13.0,13.6,14.0,14.1,15.6,,,,0.2,0.4,7.6,{비}0005-{비}{강도0}0300-{비}{강도0}0900-{비}{강도0}1500-1518.  {비}1747-{비}{강도0}2100-2137.-{박무}-{박무}{강도0}0300-{시정(미만)}{1km}{안개}0610-{시정(미만)}{0.5km}{안개}0655-{시정(이상)}{0.5km}{안개}0835-{시정(이상)}{1km}{박무}0852-{박무}{강도2}0900-{박무}{강도1}1500-{박무}{강도1}2100-{박무}{강도1}2400-,2.7
284,거창,1989-11-05,16.3,13.7,0000,19.2,1600,0.5,,1.0,1140,6.33,2.5,,,,2.0,340,1030,0.4,345,290,14.2,83,1550,87.5,16.3,990.3,,,,,1016.9,10.6,0.1,,,,,,,,,10.0,5.3,15.7,12.7,15.4,15.2,14.7,14.7,14.6,15.7,,,,0.2,0.3,19.3,{비}1110-{비}{강도0}1500-1538.  {비}1710-1755.  {비}2106-2213.  -{박무}-{박무}{강도0}0300-{시정(미만)}{1km}{안개}0740-{시정(이상)}{1km}{박무}0816-{박무}{강도0}0900-{박무}{강도0}1500-1525.  {박무}2120-{박무}{강도0}2400-,0.6
284,거창,1989-11-06,16.5,13.2,2400,22.2,1550,2.5,330,8.5,310,5.33,17.0,,,,2.0,340,1810,0.5,402,230,13.6,60,1600,83.3,15.7,990.3,,,,,1016.9,10.6,2.0,,,,,,,,,6.8,4.5,17.1,8.7,16.5,16.4,15.9,15.6,15.3,15.7,,,,0.6,1.1,0.2,{비}0230-{비}{강도0}0300-0535.  {비}7150-{비}{강도0}0900-0930.  {뇌전}{강도0}(SW 5-8)0307-{뇌전}{강도0}(SW{이동}S 5-8)0325-0349.     -{박무}-{박무}{강도1}0300-{시정(미만)}{1km}{안개}0525-{시정(미만)}{0.5km}{안개}0555-{시정(미만)}{0.2km}{안개}0620-{시정(이상)}{0.2km}{안개}0710-{안개}{강도1}0900-{시정(이상)}{0.5km}{안개}0910-{시정(이상)}{1km}{박무}0938-1027.,4.22
284,거창,1989-11-07,13.7,10.5,0750,17.5,1205,0.5,,1.1,2007,3.88,2.8,,,,4.0,180,1230,0.6,498,180,11.0,68,1205,83.8,13.1,995.4,,,,,1022.5,10.5,2.6,,,,,,,,,7.3,4.5,14.8,8.3,14.7,14.9,15.6,15.8,15.5,15.7,,,,0.2,0.4,12.7,{땅안개}(E)0535-0840.  {비}2007-{비}{강도0}2100-{비}{강도0}2400-,
284,거창,1989-11-08,12.4,10.8,2400,15.8,1315,1.0,430,3.0,430,21.25,12.8,,,,4.0,20,1510,0.3,276,20,10.1,77,1200,85.8,12.4,993.6,,,,,1020.7,10.5,0.7,,,,,,,,,10.0,5.5,14.1,9.6,14.3,14.7,15.4,15.7,15.6,15.9,,,,0.2,0.4,2.9,-{비}-{비}{강도0}0300-{비}{강도0}0900-{비}{강도0}1500-{비}{강도0}2100-2115.,
284,거창,1989-11-09,11.3,6.8,2400,18.7,1345,,,,,,,,,,3.0,50,1130,0.5,462,290,6.4,44,1500,74.3,9.6,994.2,,,,,1021.5,10.5,7.5,,,,,,,,,2.8,2.0,13.6,3.6,13.3,13.5,14.7,15.1,15.3,16.0,,,,1.6,2.4,,,
284,거창,1989-11-10,7.1,1.4,2400,13.7,1225,,,,,,,,,,5.5,340,1550,1.1,987,320,2.0,40,1150,72.5,7.1,997.2,,,,,1025.0,10.4,8.1,,,,,,,,,0.8,0.8,9.2,-1.8,9.7,11.0,13.8,14.5,14.8,15.7,,,,,2.3,,,
284,거창,1989-11-11,3.7,-1.4,0545,11.8,1610,,,,,,,,,,1.0,20,1300,0.1,117,20,-0.5,44,1320,76.8,5.9,999.2,,,,,1027.3,10.4,4.7,,,,,,,,,5.0,5.0,6.8,-3.8,7.6,8.3,11.6,12.7,13.9,15.7,,,,0.7,1.2,,{박무}0340-{시정(미만)}{1km}{안개}0510-{시정(미만)}{0.5km}{안개}0617-{시정(미만)}{0.2km}{안개}0750-{시정(이상)}{0.2km}{안개}0845-{안개}{강도1}0900-{시정(이상)}{0.5km}{안개}0935-{시정(이상)}{1km}{박무}1020-1153.,5.17
284,거창,1989-11-12,4.7,0.3,0600,9.1,1600,0.5,,2.0,1700,7.95,3.4,,,,0.5,360,1300,0.1,60,360,2.4,73,1325,85.0,7.4,997.8,,,,,1026.0,10.4,0.0,,,,,,,,,9.0,4.0,6.7,-2.0,7.0,7.6,10.5,11.7,12.8,15.2,,,,0.2,0.5,4.9,{박무}0515-{박무}{강도0}0900-{박무}{강도0}1500-{박무}{강도0}2100-{박무}{강도0}2400-  {비}1603-{비}{강도0}2100-{비}{강도0}2400-,
284,거창,1989-11-13,6.8,0.4,2345,11.1,1205,0.5,,0.5,,6.42,1.5,,,,6.0,230,1400,1.7,1482,230,-0.5,25,1410,62.8,6.2,996.2,,,,,1024.0,10.4,7.1,,,,,,,,,6.3,3.0,8.4,-2.4,8.9,9.4,11.0,11.7,12.9,15.2,,,,,1.2,,-{비}-{비}{강도0}0300-0625.     -{박무}-{박무}{강도0}0300-0750.  {달무리}2048-2230.,
284,거창,1989-11-14,3.6,-3.2,0700,10.1,1310,,,,,,,,,,5.5,70,2110,1.2,996,70,-1.3,53,1200,70.8,5.7,1000.2,,,,,1028.4,10.3,2.2,,,,,,,,,7.5,3.3,5.4,-6.1,6.1,6.9,9.6,10.8,12.3,14.7,,,,1.6,2.5,,{햇무리}0830-1035.,
284,거창,1989-11-15,5.9,1.4,2400,12.2,1420,,,,,,,,,,1.5,180,1400,0.4,348,320,0.8,43,1420,70.5,6.5,1000.6,,,,,1028.6,10.3,6.7,,,,,,,,,4.5,3.5,8.1,-2.4,8.2,8.5,10.1,10.7,12.1,14.5,,,,,1.7,,,
284,거창,1989-11-16,4.8,-0.5,0720,13.7,1345,,,,,,,,,,3.5,140,1640,0.2,177,90,-0.1,41,1500,74.3,6.1,998.0,,,,,1026.1,10.3,5.9,,,,,,,,,3.8,0.0,7.1,-3.1,7.2,7.7,9.6,10.5,11.8,14.2,,,,,0.5,,{달무리}0225-0450.  {박무}0435-{박무}{강도0}0900-0948.,
284,거창,1989-11-17,4.1,-2.4,0725,13.9,1405,,,,,,,,,,2.5,160,1410,0.3,243,160,-1.3,35,1530,71.8,5.5,995.0,,,,,1023.1,10.2,8.0,,,,,,,,,0.3,0.0,6.0,-6.0,6.2,6.9,9.3,10.3,11.3,13.8,,,,,3.3,,{박무}0515-{시정(미만)}{1km}{안개}0730-{시정(미만)}{0.5km}{안개}0750-{시정(미만)}{0.2km}{안개}0800-{시정(이상)}{0.2km}{안개}0810-{시정(이상)}{0.5km}{안개}0835-{시정(이상)}{1km}{박무}0850-{박무}{강도1}0900-1025.,1.33
284,거창,1989-11-18,2.8,-0.9,0030,7.5,0610,,,,,7.25,0.0,,,,5.5,270,1720,2.8,2445,270,-3.6,48,1800,63.5,4.8,991.5,,,,,1019.6,10.2,4.3,,,,,,,,,5.5,5.5,3.9,-4.1,5.1,5.7,8.6,9.8,11.1,13.6,,,,,2.3,0.0,{비}0920-{진눈깨비}1115-{눈}1125-{눈}{강도0}1500-1635.,
284,거창,1989-11-19,1.2,-3.3,2400,6.6,1340,,,,,,,,,,6.5,360,1310,2.2,1881,340,-8.1,29,1200,50.3,3.3,997.4,,,,,1025.9,10.2,8.8,,,,,,,,,0.0,0.0,2.1,-7.9,3.4,3.9,7.2,8.7,10.4,13.3,,,,,2.6,,,
284,거창,1989-11-20,2.1,-5.2,0500,12.0,1325,,,,,,,,,,5.0,320,1450,0.8,687,270,-4.5,33,1500,65.8,4.4,1001.0,,,,,1029.4,10.2,8.5,,,,,,,,,0.0,0.0,2.8,-8.2,3.9,4.2,6.9,8.1,9.7,13.1,,,,,2.4,,,
284,거창,1989-11-21,2.4,-5.3,0725,12.9,1350,,,,,,,,,,2.0,140,1400,0.4,303,140,-2.4,43,1510,73.8,5.2,1001.7,,,,,1030.1,10.1,8.1,,,,,,,,,0.0,0.0,3.7,-9.4,4.6,4.7,7.2,8.1,9.4,12.5,,,,,1.9,,,
284,거창,1989-11-22,3.3,-1.6,0300,11.1,1600,,,,,,,,,,1.5,140,1500,0.3,219,50,0.8,64,1605,84.3,6.6,998.8,,,,,1027.0,10.1,2.4,,,,,,,,,6.5,5.5,4.3,-5.0,4.6,4.9,7.1,8.2,9.1,12.2,,,,,1.0,,,
284,거창,1989-11-23,3.3,-4.9,0750,14.3,1430,,,,,,,,,,4.5,340,1600,0.7,597,20,-2.5,30,1435,71.8,5.1,999.1,,,,,1027.3,10.1,7.0,,,,,,,,,2.5,2.5,4.2,-7.0,5.0,5.4,7.2,8.1,9.1,12.2,,,,,0.8,,{박무}0510-{시정(미만)}{1km}{안개}0605-{시정(미만)}{0.5km}{안개}0634-{시정(미만)}{0.2km}{안개}0647-{시정(미만)}{0.1km}{안개}0656-{안개}{강도2}0900-{시정(이상)}{0.1km}{안개}0915-{시정(이상)}{0.2km}{안개}0929-{시정(이상)}{0.5km}{안개}0950-{시정(이상)}{1km}{박무}1020-1115.,4.25
284,거창,1989-11-24,3.9,-3.6,0630,15.3,1540,,,,,,,,,,2.0,270,1500,0.3,279,110,-3.4,24,1400,66.5,4.8,1000.2,,,,,1028.4,10.1,7.6,,,,,,,,,0.5,0.0,4.0,-8.2,4.9,5.1,7.1,8.0,9.1,12.2,,,,,2.0,,{박무}0525-{박무}{강도0}0900-1043.,
284,거창,1989-11-25,2.6,-4.6,0655,14.8,1350,,,,,,,,,,3.5,360,1600,0.5,429,70,-4.8,22,1540,65.5,4.3,1000.9,,,,,1029.3,10.1,8.3,,,,,,,,,0.0,0.0,3.7,-8.6,4.4,4.8,7.0,7.9,8.8,11.7,,,,,2.4,,,
284,거창,1989-11-26,2.3,-6.8,0710,14.3,1420,,,,,,,,,,2.0,20,1600,0.3,219,20,-4.3,25,1500,69.0,4.5,999.4,,,,,1027.8,10.0,7.4,,,,,,,,,1.0,0.0,3.2,-11.2,3.9,3.9,6.6,7.5,8.5,11.6,,,,,1.7,,,
284,거창,1989-11-27,3.4,-1.4,0530,8.8,1345,0.5,,0.5,,4.25,1.0,,,,6.5,270,1930,1.5,1269,270,-0.8,50,2030,75.0,5.8,992.7,,,,,1020.7,10.0,0.6,,,,,,,,,8.5,4.3,3.8,-4.4,4.1,4.4,6.6,7.4,8.3,11.3,,,,,0.8,1.1,{비}1005-1420.,
284,거창,1989-11-28,2.0,-0.6,2400,5.2,1415,,,,,0.97,0.2,,,,6.0,270,1230,1.8,1563,270,-5.0,39,1605,60.3,4.3,993.0,,,,,1021.2,10.0,5.5,,,,0.3,0812,0.3,0812,0.3,7.0,6.5,3.3,-4.3,3.7,4.2,6.7,7.4,8.4,11.2,,,,,2.1,0.1,{눈}0745-0812.  {눈}1105-1136.,
284,거창,1989-11-29,0.4,-3.1,0730,3.1,1420,,,,,,,,,,6.0,320,1240,2.7,2355,320,-8.2,40,1120,52.0,3.3,996.4,,,,,1024.8,10.0,7.5,,,,,,,,,4.0,4.0,1.7,-6.8,2.9,3.2,6.0,7.0,8.1,11.0,,,,,3.6,,,
284,거창,1989-11-30,1.5,-2.4,2400,5.6,1410,,,,,,,,,,5.0,360,0250,2.4,2070,340,-9.6,26,1400,45.0,3.0,999.0,,,,,1027.4,9.9,8.5,,,,,,,,,0.5,0.5,1.5,-8.6,2.5,2.8,5.6,6.6,7.9,11.0,,,,,2.8,,,
284,거창,1989-12-01,1.2,-6.4,0725,11.3,1420,,,,,,,,,,2.0,290,1310,0.4,318,230,-5.2,34,1415,65.8,4.2,999.6,,,,,1028.0,9.9,8.6,,,,,,,,,0.0,0.0,2.1,-11.0,2.3,2.3,5.2,6.3,7.4,10.6,,,,,1.9,,,
284,거창,1989-12-02,3.4,-4.2,0350,11.7,1430,,,,,,,,,,3.0,270,1300,0.5,399,200,-0.9,48,1400,75.0,5.8,993.7,,,,,1021.8,9.9,4.2,,,,,,,,,4.3,3.3,2.9,-7.3,3.4,3.3,5.4,6.2,7.4,10.2,,,,,1.2,,,
284,거창,1989-12-03,5.7,-3.0,0730,16.8,1410,,,,,,,,,,3.0,200,1320,0.6,480,230,-0.4,34,1435,69.5,6.0,989.1,,,,,1016.9,9.9,7.5,,,,,,,,,0.0,0.0,4.4,-6.8,4.5,4.6,6.0,6.5,7.7,10.3,,,,,1.9,,{박무}0535-{박무}{강도0}0900-1015.,
284,거창,1989-12-04,9.0,0.5,2400,17.8,1415,,,,,,,,,,5.5,250,0800,1.9,1623,250,1.1,26,1500,62.5,6.7,987.5,,,,,1014.8,9.9,6.9,,,,,,,,,1.3,1.3,6.0,-5.6,5.6,5.5,6.5,7.0,7.9,10.2,,,,,2.6,,,
284,거창,1989-12-05,3.6,-4.9,0730,16.6,1400,,,,,,,,,,4.5,360,1420,0.5,465,270,-4.6,17,1540,64.0,4.4,989.9,,,,,1017.8,9.9,8.0,,,,,,,,,0.0,0.0,2.9,-8.7,4.0,4.3,6.4,7.1,7.9,10.1,,,,,2.2,,,
284,거창,1989-12-06,2.9,-4.1,0640,13.0,1415,,,,,,,,,,2.5,140,1500,0.3,252,140,-3.1,36,1500,67.8,4.9,989.5,,,,,1017.5,9.9,7.8,,,,,,,,,0.0,0.0,3.0,-7.9,3.6,3.9,6.1,6.8,7.7,10.3,,,,,1.9,,,
284,거창,1989-12-07,0.8,-4.9,0650,5.9,1510,0.5,,1.3,1145,2.42,1.3,,,,3.5,270,1840,0.5,450,270,-2.6,57,2100,79.0,5.2,985.9,,,,,1014.1,9.8,1.7,,,,,,,,,4.8,4.0,2.0,-7.3,2.9,2.9,5.6,6.5,7.2,9.9,,,,,0.8,1.3,,
284,거창,1989-12-08,-0.2,-4.5,0750,4.4,1135,,,,,,,,,,5.5,340,1120,1.6,1425,320,-9.2,35,1500,52.5,3.1,991.9,,,,,1020.3,9.8,8.3,,,,,,,,,0.0,0.0,0.4,-10.0,1.6,1.9,5.1,6.0,6.9,9.7,,,,,2.9,,,
284,거창,1989-12-09,3.0,-2.9,2400,8.7,1455,,,,,,,,,,5.5,340,1130,1.4,1230,320,-4.0,45,1500,60.8,4.5,997.8,,,,,1025.9,9.8,8.2,,,,,,,,,1.0,1.0,2.1,-8.6,2.3,2.3,4.7,5.5,7.1,9.7,,,,,2.6,,,
284,거창,1989-12-10,1.0,-6.8,0750,11.8,1440,,,,,,,,,,2.5,160,1410,0.2,186,250,-3.3,37,1515,76.8,4.9,1001.2,,,,,1029.7,9.8,7.8,,,,,,,,,0.8,0.8,1.6,-10.9,2.0,2.0,4.5,5.4,6.9,9.5,,,,,2.4,,,
284,거창,1989-12-11,3.7,-2.1,0355,10.2,1610,0.0,,0.0,,0.25,0.0,,,,1.0,320,2130,0.1,45,20,1.0,69,1610,83.0,6.7,1000.2,,,,,1028.5,9.8,0.0,,,,,,,,,8.3,4.5,3.2,-5.5,3.4,3.3,4.8,5.5,6.6,9.2,,,,,0.4,0.0,,
284,거창,1989-12-12,2.2,-3.8,0755,12.8,1405,,,,,,,,,,4.0,140,1630,0.4,387,20,-5.1,17,1400,67.5,4.3,1001.6,,,,,1030.0,9.8,7.2,,,,,,,,,3.5,2.5,3.2,-7.7,3.5,3.8,5.3,5.8,6.9,9.3,,,,,1.8,,{박무}0420-{시정(미만)}{1km}{안개}0640-{시정(미만)}{0.5km}{안개}0715-{시정(미만)}{0.2km}{안개}0750-{시정(미만)}{0.1km}{안개}0820-{안개}{강도2}0900-{시정(이상)}{0.1km}{안개}0925-{시정(이상)}{0.2km}{안개}0938-{시정(이상)}{0.5km}{안개}0945-{시정(이상)}{1km}{박무}0957-1040.,3.28
284,거창,1989-12-13,0.4,-3.4,0100,3.8,1555,0.5,,0.5,,9.72,1.8,,,,1.0,180,1900,0.1,57,180,-1.9,68,1010,84.5,5.4,999.9,,,,,1028.4,9.8,0.0,,,,,,,,,9.0,3.8,1.6,-8.2,2.6,2.6,4.9,5.8,6.7,8.9,,,,,0.3,2.0,{비}1004-{비}{강도0}1500-1947.,
284,거창,1989-12-14,0.3,-4.9,2400,2.9,0225,0.2,,0.2,,2.02,0.2,,,,5.0,320,1340,1.8,1587,320,-5.6,49,1200,65.5,4.1,994.9,,,,,1023.4,9.8,6.8,,,,,,,,,3.8,3.0,0.8,-11.1,2.1,2.4,4.9,5.6,6.6,8.8,,,,,1.8,,{비}0316-0517.,
284,거창,1989-12-15,-1.1,-8.5,0755,8.7,1505,,,,,,,,,,3.0,200,1540,0.4,336,200,-6.7,34,1500,70.0,3.7,998.0,,,,,1026.8,9.8,7.9,,,,,,,,,0.8,0.0,0.2,-12.7,1.2,0.9,3.9,4.9,6.4,8.7,,,,,1.4,,,
284,거창,1989-12-16,1.4,-4.6,0320,10.3,1425,,,,,,,,,,3.0,270,1520,0.4,303,270,-2.6,49,1425,76.3,5.1,996.1,,,,,1024.4,9.8,5.3,,,,,,,,,5.8,3.0,1.9,-9.0,2.1,1.7,3.8,4.7,6.2,8.6,,,,,1.2,,,
284,거창,1989-12-17,2.7,-1.5,0440,10.0,1600,,,,,,,,,,2.0,110,1410,0.2,156,50,-0.7,53,1600,80.3,5.8,998.4,,,,,1026.6,9.7,3.7,,,,,,,,,4.0,3.5,3.1,-6.2,3.1,3.0,4.5,4.9,6.0,8.5,,,,,1.2,,{박무}0615-{박무}{강도0}0900-1023.,
284,거창,1989-12-18,0.8,-5.2,0600,10.0,1520,,,,,,,,,,2.0,160,1550,0.2,132,20,-3.7,46,1500,74.3,4.7,1003.7,,,,,1032.3,9.7,5.0,,,,,,,,,2.5,2.5,2.1,-9.5,2.5,2.4,4.4,5.1,6.3,8.4,,,,,0.9,,{박무}0410-{시정(미만)}{1km}{안개}0542-{시정(미만)}{0.5km}{안개}0610-{시정(미만)}{0.2km}{안개}0623-{시정(미만)}{0.1km}{안개}0632-{안개}{강도2}0900-{시정(이상)}{0.1km}{안개}1048-{시정(이상)}{0.2km}{안개}1104-{시정(이상)}{0.5km}{안개}1126-{시정(이상)}{1km}{박무}1144-1213.,6.03
284,거창,1989-12-19,3.4,-0.9,0000,7.9,1350,,,,,,,,,,3.5,140,1530,0.3,261,160,-0.4,61,1400,76.8,6.0,1005.1,,,,,1033.5,9.7,2.3,,,,,,,,,8.3,4.5,3.5,-3.8,3.6,3.6,4.7,5.2,6.0,8.1,,,,,0.7,,,
284,거창,1989-12-20,2.9,-3.2,0550,10.6,1450,,,,,,,,,,1.5,20,1500,0.2,144,110,-1.4,41,1550,76.3,5.5,999.6,,,,,1027.9,9.7,4.5,,,,,,,,,7.8,6.0,3.3,-6.6,4.0,4.0,5.2,5.5,6.3,8.2,,,,,1.1,,{박무}0345-{시정(미만)}{1km}{안개}0505-{시정(미만)}{0.5km}{안개}0527-{시정(미만)}{0.2km}{안개}0550-{시정(미만)}{0.1km}{안개}0615-{안개}{강도2}0900-{시정(이상)}{0.1km}{안개}1047-{시정(이상)}{0.2km}{안개}1053-{시정(이상)}{0.5km}{안개}1107-{시정(이상)}{1km}{박무}1118-1220.,6.22
284,거창,1989-12-21,3.1,-1.3,2400,9.1,1450,,,,,,,,,,2.0,230,1430,0.3,225,50,-1.1,52,1500,75.8,5.6,998.5,,,,,1026.7,9.7,5.2,,,,,,,,,5.3,4.0,3.9,-6.0,3.9,4.0,5.4,5.8,6.4,8.2,,,,,1.1,,,
284,거창,1989-12-22,0.3,-3.4,0640,7.5,1455,,,,,,,,,,2.0,360,1650,0.2,165,110,-3.8,42,1620,76.5,4.6,995.0,,,,,1023.5,9.7,6.8,,,,,,,,,4.8,2.0,2.0,-8.7,2.8,2.9,5.1,5.6,6.4,8.1,,,,,1.7,,{박무}0715-{박무}{강도0}0900-1040.,
284,거창,1989-12-23,-0.7,-6.8,0750,3.7,1620,,,,,9.67,11.3,,,,0.5,50,1300,0.0,15,50,-2.5,77,1200,87.3,5.2,991.8,,,,,1020.2,9.7,0.6,,,,1.9,2400,1.9,2400,1.9,5.5,3.0,1.3,-10.6,1.4,1.5,4.2,5.0,6.4,8.4,,,,,0.7,15.4,{박무}0650-{박무}{강도0}0900-{박무}{강도0}1500-{박무}{강도0}2100-{박무}{강도0}2400-   {비}1150-1345.  {비}1615-{비}{강도0}2100-{진눈깨비}2230-{눈}2240-{눈}{강도0}2400-,
284,거창,1989-12-24,1.4,-1.6,2345,5.6,1620,,,,,8.17,4.1,,,,1.5,270,1320,0.2,213,230,-1.0,65,1650,83.8,5.7,992.4,,,,,1020.6,9.7,4.8,,,,1.6,0400,3.5,0400,1.6,5.8,3.8,2.4,-5.1,2.8,2.7,4.3,4.8,6.0,8.0,,,,,0.9,0.0,-{박무}-{박무}{강도0}0300-0645.  -{눈}-{눈}{강도0}0300-0618.  {눈}0745-{눈}{강도0}0900-0937.,
284,거창,1989-12-25,2.3,-1.2,0430,8.3,1440,,,,,,,,,,2.5,320,1830,0.3,216,90,-1.2,57,1500,78.8,5.6,993.3,,,,,1021.5,9.7,5.3,,,,,,,,,6.3,3.5,3.3,-4.0,3.5,3.5,4.7,5.0,5.9,7.8,,,,,1.3,,,
284,거창,1989-12-26,-0.6,-4.2,2400,3.4,0630,,,,,,,,,,5.0,270,1210,1.8,1575,270,-8.7,32,1300,56.5,3.3,993.0,,,,,1021.4,9.7,7.9,,,,,,,,,2.0,1.8,0.8,-10.0,2.2,2.6,4.6,5.1,6.1,7.8,,,,,2.4,,,
284,거창,1989-12-27,-3.8,-8.1,2400,0.5,1300,,,,,,,,,,4.5,50,1120,1.1,969,20,-10.2,33,1500,64.3,2.9,995.9,,,,,1024.8,9.8,7.3,,,,,,,,,0.5,0.5,-1.2,-12.4,0.9,1.3,3.8,4.5,6.0,7.9,,,,,1.8,,,
284,거창,1989-12-28,-3.4,-10.0,0730,4.8,1505,,,,,,,,,,1.5,160,1310,0.1,114,20,-7.9,45,1500,73.3,3.4,994.4,,,,,1023.3,9.8,7.2,,,,,,,,,3.5,0.0,-1.5,-13.3,-0.6,0.1,3.0,3.9,5.2,7.5,,,,,1.2,,,
284,거창,1989-12-29,0.8,-2.8,0640,5.2,1440,,,,,0.58,0.0,,,,4.0,270,2300,0.8,681,250,-3.0,55,2250,76.0,4.9,990.2,,,,,1018.4,9.8,2.8,,,,,,,,,9.0,6.3,1.7,-7.2,1.0,0.9,3.0,3.6,4.9,7.1,,,,,1.6,0.0,{눈}1010-1045.,
284,거창,1989-12-30,-1.3,-6.1,2300,2.3,1350,,,,,0.7,0.0,,,,4.5,320,0300,1.5,1308,320,-9.7,42,1330,52.8,3.0,991.9,,,,,1020.5,9.8,6.2,,,,,,,,,3.3,2.5,-2.0,-12.4,0.8,1.2,3.2,3.7,4.9,7.1,,,,,1.9,0.0,{눈}0943-1025.,
284,거창,1989-12-31,-3.6,-9.4,0800,3.6,1420,,,,,,,,,,5.0,320,1340,0.6,510,320,-9.0,41,1300,67.8,3.1,995.0,,,,,1023.8,9.8,7.3,,,,,,,,,0.5,0.5,-2.8,-13.6,-0.9,0.1,2.8,3.4,4.7,7.0,,,,,1.3,0.1,,
